Date,Open,High,Low,Close,Volume,SharesOutstanding,Turnover
2014-03-17,2718.0,2718.0,2430.0,2700.0,0.0,,
2014-03-18,2790.0,3600.0,2250.0,3600.0,3.0,,
2014-03-19,3600.0,3600.0,3600.0,3600.0,0.0,,
2014-03-20,3600.0,3600.0,3600.0,3600.0,0.0,,
2014-03-21,3600.0,3780.0,2700.0,2700.0,2.0,,
2014-03-24,2250.0,2250.0,2250.0,2250.0,0.0,,
2014-03-25,2250.0,2250.0,2250.0,2250.0,0.0,,
2014-03-26,1980.0,2520.0,1530.0,2520.0,6.0,,
2014-03-27,2700.0,4950.0,2700.0,4518.0,7.0,,
2014-03-28,5382.0,9900.0,4536.0,6480.0,19.0,,
2014-03-31,5400.0,15714.0,5400.0,14130.0,60.0,,
2014-04-01,14220.0,15300.0,11700.0,12366.0,33.0,,
2014-04-02,12546.0,12546.0,9000.0,10800.0,12.0,,
2014-04-03,10890.0,11160.0,10080.0,10620.0,4.0,,
2014-04-04,10485.0,13950.0,10485.0,12870.0,17.0,,
2014-04-07,13500.0,14976.0,13050.0,13302.0,21.0,,
2014-04-08,13320.0,13320.0,11826.0,12780.0,6.0,,
2014-04-09,12042.0,12240.0,12024.0,12150.0,2.0,,
2014-04-10,12060.0,14310.0,10836.0,12150.0,15.0,,
2014-04-11,12150.0,13950.0,11880.0,12600.0,11.0,,
2014-04-14,13050.0,13410.0,11790.0,12240.0,4.0,,
2014-04-15,12420.0,12600.0,11340.0,11700.0,9.0,,
2014-04-16,11340.0,12420.0,11268.0,11268.0,3.0,,
2014-04-17,11700.0,11700.0,9270.0,9540.0,11.0,,
2014-04-21,9540.0,10872.0,8568.0,9000.0,8.0,,
2014-04-22,9000.0,9090.0,5850.0,7650.0,20.0,,
2014-04-23,7650.0,7650.0,6300.0,6840.0,7.0,,
2014-04-24,7560.0,9882.0,7560.0,8694.0,17.0,,
2014-04-25,8694.0,9090.0,8622.0,9000.0,6.0,,
2014-04-28,9090.0,9090.0,8100.0,9000.0,6.0,,
2014-04-29,9000.0,9000.0,8100.0,8640.0,4.0,,
2014-04-30,7740.0,7920.0,7740.0,7740.0,2.0,,
2014-05-01,7920.0,7920.0,5976.0,5976.0,21.0,,
2014-05-02,6372.0,6660.0,5976.0,6300.0,14.0,,
2014-05-05,6660.0,6660.0,6300.0,6408.0,3.0,,
2014-05-06,6300.0,6300.0,5940.0,6300.0,6.0,,
2014-05-07,5850.0,6282.0,5580.0,5580.0,3.0,,
2014-05-08,6210.0,6210.0,5580.0,5670.0,1.0,,
2014-05-09,5400.0,5778.0,4248.0,5130.0,4.0,,
2014-05-12,5130.0,5670.0,4302.0,4500.0,4.0,,
2014-05-13,4518.0,5670.0,4518.0,5652.0,3.0,,
2014-05-14,5652.0,5652.0,5652.0,5652.0,0.0,,
2014-05-15,5652.0,5760.0,4680.0,5760.0,4.0,,
2014-05-16,5400.0,5832.0,5400.0,5832.0,1.0,,
2014-05-19,5940.0,6408.0,5490.0,6030.0,4.0,,
2014-05-20,5544.0,6660.0,5058.0,6120.0,3.0,,
2014-05-21,6120.0,6120.0,5490.0,5940.0,1.0,,
2014-05-22,5490.0,7146.0,5490.0,6210.0,14.0,,
2014-05-23,6210.0,6210.0,5418.0,5472.0,2.0,,
2014-05-27,5940.0,6030.0,5670.0,5760.0,8.0,,
2014-05-28,5760.0,6282.0,5670.0,5670.0,3.0,,
2014-05-29,5670.0,6120.0,5670.0,5670.0,2.0,,
2014-05-30,6120.0,6120.0,6120.0,6120.0,0.0,,
2014-06-02,5940.0,6750.0,4518.0,5310.0,5.0,,
2014-06-03,5310.0,5310.0,5310.0,5310.0,1.0,,
2014-06-04,5130.0,5130.0,5130.0,5130.0,0.0,,
2014-06-05,5130.0,5130.0,5130.0,5130.0,0.0,,
2014-06-06,5148.0,5490.0,4410.0,5400.0,5.0,,
2014-06-09,5760.0,5760.0,4950.0,4950.0,16.0,,
2014-06-10,4950.0,5040.0,4950.0,5040.0,2.0,,
2014-06-11,4860.0,5040.0,4680.0,4680.0,2.0,,
2014-06-12,4680.0,4680.0,3618.0,4302.0,13.0,,
2014-06-13,3798.0,4266.0,3690.0,3780.0,5.0,,
2014-06-16,4050.0,4050.0,3960.0,3996.0,1.0,,
2014-06-17,4950.0,5364.0,4680.0,4986.0,34.0,,
2014-06-18,5400.0,5850.0,5328.0,5760.0,13.0,,
2014-06-19,5895.0,6210.0,5760.0,6210.0,14.0,,
2014-06-20,6552.0,6696.0,6390.0,6480.0,18.0,,
2014-06-23,6570.0,7254.0,6570.0,7182.0,30.0,,
2014-06-24,7155.0,7182.0,5418.0,6120.0,21.0,,
2014-06-25,6120.0,6120.0,4986.0,6102.0,9.0,,
2014-06-26,5598.0,6084.0,5598.0,5958.0,2.0,,
2014-06-27,5958.0,6156.0,5472.0,6156.0,17.0,,
2014-06-30,6174.0,6282.0,5670.0,6138.0,9.0,,
2014-07-01,6120.0,6120.0,5616.0,5670.0,4.0,,
2014-07-02,5670.0,5670.0,5040.0,5472.0,9.0,,
2014-07-03,5490.0,5490.0,5382.0,5454.0,2.0,,
2014-07-07,5490.0,5868.0,5490.0,5544.0,11.0,,
2014-07-08,5580.0,5670.0,5562.0,5670.0,6.0,,
2014-07-09,5580.0,5706.0,5454.0,5706.0,4.0,,
2014-07-10,5598.0,5598.0,5598.0,5598.0,0.0,,
2014-07-11,5598.0,5598.0,5400.0,5472.0,4.0,,
2014-07-14,5598.0,5706.0,5382.0,5454.0,2.0,,
2014-07-15,5454.0,5454.0,5220.0,5400.0,1.0,,
2014-07-16,5220.0,5220.0,5166.0,5220.0,2.0,,
2014-07-17,5220.0,5220.0,4986.0,4986.0,7.0,,
2014-07-18,5040.0,5112.0,4950.0,4950.0,2.0,,
2014-07-21,5076.0,5112.0,4896.0,5094.0,1.0,,
2014-07-22,5220.0,5220.0,4950.0,4950.0,1.0,,
2014-07-23,4950.0,4950.0,4860.0,4896.0,2.0,,
2014-07-24,4680.0,4680.0,4590.0,4590.0,1.0,,
2014-07-25,4410.0,5652.0,4320.0,5400.0,13.0,,
2014-07-28,4770.0,5310.0,4770.0,5310.0,1.0,,
2014-07-29,5310.0,5346.0,4590.0,4590.0,4.0,,
2014-07-30,5112.0,5112.0,4644.0,4770.0,3.0,,
2014-07-31,4770.0,4770.0,4770.0,4770.0,1.0,,
2014-08-01,4680.0,4680.0,4590.0,4590.0,2.0,,
2014-08-04,4590.0,4590.0,4590.0,4590.0,1.0,,
2014-08-05,5112.0,5112.0,4644.0,4662.0,7.0,,
2014-08-06,4662.0,5130.0,4518.0,4968.0,18.0,,
2014-08-07,5004.0,5094.0,4770.0,4770.0,3.0,,
2014-08-08,4770.0,4770.0,4536.0,4536.0,9.0,,
2014-08-11,4608.0,4752.0,4536.0,4680.0,6.0,,
2014-08-12,4644.0,4662.0,4500.0,4626.0,7.0,,
2014-08-13,4500.0,4644.0,4266.0,4266.0,6.0,,
2014-08-14,4302.0,4302.0,3600.0,4194.0,7.0,,
2014-08-15,4086.0,4086.0,3780.0,3870.0,5.0,,
2014-08-18,3870.0,3870.0,3330.0,3456.0,3.0,,
2014-08-19,3474.0,3600.0,3456.0,3600.0,3.0,,
2014-08-20,3456.0,3780.0,3456.0,3690.0,7.0,,
2014-08-21,3834.0,3834.0,3186.0,3420.0,14.0,,
2014-08-22,3330.0,3582.0,3330.0,3510.0,1.0,,
2014-08-25,3600.0,3600.0,3510.0,3510.0,2.0,,
2014-08-26,3744.0,3744.0,3150.0,3420.0,3.0,,
2014-08-27,3546.0,3690.0,3546.0,3690.0,7.0,,
2014-08-28,3600.0,3600.0,3420.0,3510.0,6.0,,
2014-08-29,3402.0,3564.0,3402.0,3564.0,6.0,,
2014-09-02,3564.0,3672.0,3420.0,3600.0,10.0,,
2014-09-03,3600.0,3672.0,3564.0,3564.0,12.0,,
2014-09-04,3474.0,3618.0,3420.0,3510.0,5.0,,
2014-09-05,3510.0,3600.0,3240.0,3600.0,15.0,,
2014-09-08,3600.0,3600.0,3258.0,3366.0,4.0,,
2014-09-09,3303.0,3402.0,3150.0,3186.0,10.0,,
2014-09-10,3204.0,3276.0,3204.0,3276.0,11.0,,
2014-09-11,3276.0,3528.0,3240.0,3240.0,12.0,,
2014-09-12,3276.0,3276.0,3060.0,3060.0,7.0,,
2014-09-15,3060.0,3060.0,2790.0,3024.0,11.0,,
2014-09-16,3150.0,3150.0,2700.0,2880.0,7.0,,
2014-09-17,2880.0,3024.0,1836.0,1980.0,17.0,,
2014-09-18,2682.0,2682.0,2196.0,2358.0,25.0,,
2014-09-19,2430.0,2430.0,2142.0,2160.0,6.0,,
2014-09-22,2502.0,2502.0,1800.0,1890.0,15.0,,
2014-09-23,2070.0,2088.0,2034.0,2034.0,1.0,,
2014-09-24,2034.0,2034.0,1800.0,1890.0,4.0,,
2014-09-25,1800.0,1800.0,1481.4000244140625,1744.199951171875,9.0,,
2014-09-26,1737.0,2016.0,1584.0,2016.0,26.0,,
2014-09-29,1818.0,1836.0,1746.0,1746.0,11.0,,
2014-09-30,1800.0,1800.0,1710.0,1764.0,17.0,,
2014-10-01,1800.0,1800.0,1746.0,1800.0,3.0,,
2014-10-02,1710.0,1710.0,1566.0,1598.4000244140625,2.0,,
2014-10-03,1566.0,1566.0,1481.4000244140625,1548.0,19.0,,
2014-10-06,1499.4000244140625,1602.0,1440.0,1440.0,4.0,,
2014-10-07,1314.0,1548.0,1314.0,1350.0,7.0,,
2014-10-08,1350.0,1350.0,1296.0,1314.0,7.0,,
2014-10-09,1440.0,1616.4000244140625,1260.0,1490.4000244140625,20.0,,
2014-10-10,1508.4000244140625,1692.0,1134.0,1260.0,19.0,,
2014-10-13,1350.0,1350.0,900.0,990.0,21.0,,
2014-10-14,990.0,990.0,954.0,959.4000244140625,9.0,,
2014-10-15,900.0,900.0,541.7999877929688,882.0,5.0,,
2014-10-16,882.0,882.0,738.0,864.0,4.0,,
2014-10-17,864.0,864.0,702.0,775.7999877929688,31.0,,
2014-10-20,775.7999877929688,1062.0,774.0,990.0,80.0,,
2014-10-21,990.0,1008.0,738.0,918.0,21.0,,
2014-10-22,918.0,936.0,775.7999877929688,864.0,73.0,,
2014-10-23,864.0,900.0,720.0,864.0,84.0,,
2014-10-24,828.0,882.0,793.7999877929688,846.0,41.0,,
2014-10-27,846.0,882.0,738.0,810.0,48.0,,
2014-10-28,810.0,837.0,738.0,774.0,30.0,,
2014-10-29,797.4000244140625,826.2000122070312,756.0,757.7999877929688,30.0,,
2014-10-30,828.0,900.0,792.0,811.7999877929688,66.0,,
2014-10-31,882.0,882.0,810.0,882.0,76.0,,
2014-11-03,900.0,1134.0,882.0,1110.5999755859375,364.0,,
2014-11-04,1139.4000244140625,1170.0,1044.0,1044.0,136.0,,
2014-11-05,1107.0,1107.0,891.0,972.0,191.0,,
2014-11-06,972.0,972.0,828.0,898.2000122070312,142.0,,
2014-11-07,855.0,864.0,792.0,835.2000122070312,54.0,,
2014-11-10,817.2000122070312,817.2000122070312,702.0,761.4000244140625,93.0,,
2014-11-11,783.0,862.2000122070312,648.0,738.0,57.0,,
2014-11-12,792.0,918.0,763.2000122070312,900.0,227.0,,
2014-11-13,900.0,918.0,846.0,909.0,153.0,,
2014-11-14,909.0,918.0,862.2000122070312,889.2000122070312,106.0,,
2014-11-17,889.2000122070312,891.0,783.0,783.0,109.0,,
2014-11-18,837.0,873.0,756.0,757.7999877929688,53.0,,
2014-11-19,759.5999755859375,840.5999755859375,756.0,756.0,71.0,,
2014-11-20,779.4000244140625,819.0,720.0,720.0,39.0,,
2014-11-21,747.0,747.0,711.0,718.2000122070312,101.0,,
2014-11-24,747.0,747.0,703.7999877929688,729.0,116.0,,
2014-11-25,732.5999755859375,747.0,649.7999877929688,678.5999755859375,143.0,,
2014-11-26,678.5999755859375,678.5999755859375,648.0,648.0,61.0,,
2014-11-28,720.0,720.0,630.0,666.0,20.0,,
2014-12-01,693.0,702.0,630.0,666.0,60.0,,
2014-12-02,648.0,684.0,612.0,648.0,49.0,,
2014-12-03,666.0,666.0,590.4000244140625,630.0,31.0,,
2014-12-04,666.0,666.0,599.4000244140625,630.0,26.0,,
2014-12-05,648.0,648.0,595.7999877929688,612.0,97.0,,
2014-12-08,648.0,702.0,576.0,633.5999755859375,86.0,,
2014-12-09,576.0,633.5999755859375,576.0,594.0,51.0,,
2014-12-10,594.0,626.4000244140625,549.0,585.0,86.0,,
2014-12-11,585.0,585.0,540.0,540.0,27.0,,
2014-12-12,543.5999755859375,594.0,531.0,559.7999877929688,96.0,,
2014-12-15,561.5999755859375,633.5999755859375,559.7999877929688,559.7999877929688,130.0,,
2014-12-16,559.7999877929688,594.0,540.0,540.0,38.0,,
2014-12-17,594.0,631.7999877929688,549.0,597.5999755859375,75.0,,
2014-12-18,603.0,603.0,549.0,549.0,101.0,,
2014-12-19,540.0,561.5999755859375,540.0,561.5999755859375,31.0,,
2014-12-22,592.2000122070312,612.0,504.0,540.0,82.0,,
2014-12-23,527.4000244140625,583.2000122070312,504.0,543.5999755859375,139.0,,
2014-12-24,576.0,576.0,504.0,522.0,28.0,,
2014-12-26,527.4000244140625,613.7999877929688,507.6000061035156,522.0,60.0,,
2014-12-29,450.0,550.7999877929688,450.0,529.2000122070312,79.0,,
2014-12-30,522.0,531.0,450.0,531.0,45.0,,
2014-12-31,567.0,574.2000122070312,471.6000061035156,570.5999755859375,99.0,,
2015-01-02,558.0,702.0,558.0,630.0,266.0,,
2015-01-05,702.0,702.0,603.0,612.0,169.0,,
2015-01-06,626.4000244140625,747.0,504.0,576.0,387.0,,
2015-01-07,610.2000122070312,621.0,576.0,585.0,462.0,,
2015-01-08,612.0,657.0,585.0,657.0,507.0,,
2015-01-09,662.4000244140625,783.0,651.5999755859375,738.0,1359.0,,
2015-01-12,756.0,765.0,648.0,660.5999755859375,569.0,,
2015-01-13,691.2000122070312,747.0,669.5999755859375,698.4000244140625,642.0,,
2015-01-14,718.2000122070312,738.0,660.5999755859375,682.2000122070312,338.0,,
2015-01-15,680.4000244140625,685.7999877929688,657.0,684.0,218.0,,
2015-01-16,684.0,702.0,612.0,622.7999877929688,373.0,,
2015-01-20,639.0,648.0,622.7999877929688,630.0,184.0,,
2015-01-21,639.0,639.0,603.0,604.7999877929688,129.0,,
2015-01-22,612.0,612.0,540.0,567.0,368.0,,
2015-01-23,525.5999755859375,549.0,522.0,531.0,163.0,,
2015-01-26,567.0,567.0,468.0,540.0,234.0,,
2015-01-27,540.0,540.0,468.0,477.0,150.0,,
2015-01-28,498.6000061035156,498.6000061035156,414.0,468.0,242.0,,
2015-01-29,468.0,522.0,462.6000061035156,462.6000061035156,156.0,,
2015-01-30,459.0,495.0,459.0,466.20001220703125,114.0,,
2015-02-02,495.0,576.0,459.0,556.2000122070312,721.0,,
2015-02-03,558.0,558.0,504.0,504.0,172.0,,
2015-02-04,513.0,513.0,460.79998779296875,475.20001220703125,197.0,,
2015-02-05,468.0,514.7999877929688,468.0,477.0,337.0,,
2015-02-06,489.6000061035156,489.6000061035156,469.79998779296875,469.79998779296875,116.0,,
2015-02-09,486.0,486.0,450.0,459.0,169.0,,
2015-02-10,451.79998779296875,466.20001220703125,451.79998779296875,466.20001220703125,123.0,,
2015-02-11,466.20001220703125,484.20001220703125,451.79998779296875,477.0,146.0,,
2015-02-12,484.20001220703125,509.3999938964844,455.3999938964844,468.0,117.0,,
2015-02-13,451.79998779296875,486.0,451.79998779296875,468.0,71.0,,
2015-02-17,455.3999938964844,496.79998779296875,451.79998779296875,451.79998779296875,159.0,,
2015-02-18,468.0,486.0,451.79998779296875,466.20001220703125,116.0,,
2015-02-19,468.0,486.0,468.0,486.0,64.0,,
2015-02-20,486.0,507.6000061035156,468.0,484.20001220703125,87.0,,
2015-02-23,504.0,513.0,450.0,504.0,183.0,,
2015-02-24,514.7999877929688,514.7999877929688,468.0,486.0,114.0,,
2015-02-25,486.0,504.0,468.0,502.20001220703125,55.0,,
2015-02-26,502.20001220703125,502.20001220703125,414.0,432.0,325.0,,
2015-02-27,414.0,441.0,414.0,423.0,85.0,,
2015-03-02,428.3999938964844,450.0,396.0,412.20001220703125,208.0,,
2015-03-03,399.6000061035156,421.20001220703125,270.0,324.0,647.0,,
2015-03-04,333.0,333.0,306.0,315.0,190.0,,
2015-03-05,311.3999938964844,324.0,243.0,282.6000061035156,290.0,,
2015-03-06,291.6000061035156,302.3999938964844,279.0,279.0,75.0,,
2015-03-09,302.3999938964844,311.3999938964844,288.0,309.6000061035156,95.0,,
2015-03-10,342.0,450.0,309.6000061035156,360.0,528.0,,
2015-03-11,378.0,414.0,360.0,369.0,432.0,,
2015-03-12,376.20001220703125,414.0,342.0,378.0,380.0,,
2015-03-13,396.0,396.0,351.0,360.0,198.0,,
2015-03-16,360.0,374.3999938964844,324.0,333.0,109.0,,
2015-03-17,333.0,358.20001220703125,324.0,342.0,66.0,,
2015-03-18,342.0,414.0,324.0,345.6000061035156,110.0,,
2015-03-19,345.6000061035156,412.20001220703125,342.0,378.0,658.0,,
2015-03-20,387.0,387.0,333.0,354.6000061035156,846.0,,
2015-03-23,360.0,360.0,325.79998779296875,327.6000061035156,116.0,,
2015-03-24,342.0,351.0,324.0,324.0,213.0,,
2015-03-25,329.3999938964844,345.6000061035156,324.0,324.0,35.0,,
2015-03-26,345.6000061035156,345.6000061035156,320.3999938964844,320.3999938964844,64.0,,
2015-03-27,324.0,324.0,279.0,297.0,379.0,,
2015-03-30,297.0,297.0,275.3999938964844,288.0,566.0,,
2015-03-31,279.0,300.6000061035156,271.79998779296875,279.0,449.0,,
2015-04-01,271.79998779296875,284.3999938964844,261.0,270.0,285.0,,
2015-04-02,271.79998779296875,277.20001220703125,261.0,262.79998779296875,99.0,,
2015-04-06,271.79998779296875,279.0,261.0,261.0,150.0,,
2015-04-07,255.60000610351562,279.0,225.0,243.0,572.0,,
2015-04-08,252.0,252.0,180.0,219.60000610351562,711.0,,
2015-04-09,228.60000610351562,234.0,199.8000030517578,205.1999969482422,357.0,,
2015-04-10,198.0,228.60000610351562,198.0,221.39999389648438,311.0,,
2015-04-13,234.0,234.0,190.8000030517578,190.8000030517578,997.0,,
2015-04-14,198.0,201.60000610351562,181.8000030517578,187.1999969482422,665.0,,
2015-04-15,190.8000030517578,207.0,183.60000610351562,198.0,693.0,,
2015-04-16,207.0,232.1999969482422,198.0,216.0,458.0,,
2015-04-17,219.60000610351562,250.1999969482422,198.0,214.1999969482422,599.0,,
2015-04-20,225.0,239.39999389648438,216.0,239.39999389648438,331.0,,
2015-04-21,239.39999389648438,246.60000610351562,187.1999969482422,198.0,931.0,,
2015-04-22,203.39999389648438,225.0,187.1999969482422,190.8000030517578,512.0,,
2015-04-23,198.0,221.39999389648438,183.60000610351562,198.0,639.0,,
2015-04-24,198.0,198.0,180.0,198.0,518.0,,
2015-04-27,201.60000610351562,216.0,180.0,185.39999389648438,505.0,,
2015-04-28,185.39999389648438,201.60000610351562,185.39999389648438,185.39999389648438,102.0,,
2015-04-29,198.0,198.0,147.60000610351562,156.60000610351562,1629.0,,
2015-04-30,160.1999969482422,171.0,154.8000030517578,167.39999389648438,303.0,,
2015-05-01,171.0,171.0,156.60000610351562,162.0,255.0,,
2015-05-04,171.0,174.60000610351562,158.39999389648438,162.0,168.0,,
2015-05-05,172.8000030517578,172.8000030517578,162.0,171.0,157.0,,
2015-05-06,172.8000030517578,178.1999969482422,162.0,167.39999389648438,185.0,,
2015-05-07,171.0,171.0,154.8000030517578,158.39999389648438,159.0,,
2015-05-08,149.39999389648438,162.0,135.0,144.0,418.0,,
2015-05-11,144.0,162.0,109.80000305175781,115.19999694824219,553.0,,
2015-05-12,162.0,162.0,117.0,151.1999969482422,90.0,,
2015-05-13,151.1999969482422,154.8000030517578,140.39999389648438,145.8000030517578,44.0,,
2015-05-14,145.8000030517578,145.8000030517578,135.0,142.1999969482422,166.0,,
2015-05-15,144.0,160.1999969482422,135.0,140.39999389648438,241.0,,
2015-05-18,153.0,153.0,140.39999389648438,142.1999969482422,105.0,,
2015-05-19,142.1999969482422,149.39999389648438,135.0,140.39999389648438,165.0,,
2015-05-20,140.39999389648438,151.1999969482422,140.39999389648438,144.0,244.0,,
2015-05-21,140.39999389648438,144.0,135.0,144.0,161.0,,
2015-05-22,144.0,158.39999389648438,136.8000030517578,142.1999969482422,263.0,,
2015-05-26,158.39999389648438,158.39999389648438,136.8000030517578,158.39999389648438,195.0,,
2015-05-27,158.39999389648438,158.39999389648438,138.60000610351562,144.0,99.0,,
2015-05-28,162.0,162.0,136.8000030517578,153.0,1021.0,,
2015-05-29,153.0,153.0,136.8000030517578,142.1999969482422,258.0,,
2015-06-01,135.0,151.1999969482422,135.0,138.60000610351562,114.0,,
2015-06-02,138.60000610351562,151.1999969482422,138.60000610351562,144.0,137.0,,
2015-06-03,144.0,149.39999389648438,135.0,136.8000030517578,255.0,,
2015-06-04,144.0,144.0,135.0,144.0,174.0,,
2015-06-05,144.0,162.0,136.8000030517578,149.39999389648438,304.0,,
2015-06-08,153.0,160.1999969482422,138.60000610351562,144.0,171.0,,
2015-06-09,149.39999389648438,153.0,144.0,153.0,185.0,,
2015-06-10,160.1999969482422,160.1999969482422,142.1999969482422,153.0,349.0,,
2015-06-11,153.0,158.39999389648438,140.39999389648438,144.0,161.0,,
2015-06-12,149.39999389648438,149.39999389648438,140.39999389648438,144.0,156.0,,
2015-06-15,126.0,149.39999389648438,126.0,144.0,64.0,,
2015-06-16,144.0,144.0,126.0,127.80000305175781,310.0,,
2015-06-17,127.80000305175781,133.1999969482422,117.0,126.0,394.0,,
2015-06-18,122.4000015258789,127.80000305175781,109.80000305175781,111.5999984741211,413.0,,
2015-06-19,131.39999389648438,131.39999389648438,109.80000305175781,117.0,213.0,,
2015-06-22,120.5999984741211,131.39999389648438,118.80000305175781,124.19999694824219,380.0,,
2015-06-23,126.0,127.80000305175781,117.0,117.0,536.0,,
2015-06-24,117.0,122.4000015258789,109.80000305175781,117.0,190.0,,
2015-06-25,122.4000015258789,122.4000015258789,111.5999984741211,111.5999984741211,142.0,,
2015-06-26,109.80000305175781,120.5999984741211,109.80000305175781,109.80000305175781,136.0,,
2015-06-29,122.4000015258789,122.4000015258789,93.5999984741211,99.0,781.0,,
2015-06-30,99.0,99.0,88.19999694824219,90.0,443.0,,
2015-07-01,99.0,99.0,77.4000015258789,82.80000305175781,626.0,,
2015-07-02,81.0,99.0,81.0,88.19999694824219,251.0,,
2015-07-06,90.0,108.0,90.0,108.0,217.0,,
2015-07-07,108.0,117.0,108.0,111.5999984741211,646.0,,
2015-07-08,113.4000015258789,113.4000015258789,108.0,109.80000305175781,145.0,,
2015-07-09,109.80000305175781,109.80000305175781,108.0,109.80000305175781,148.0,,
2015-07-10,109.80000305175781,111.5999984741211,108.0,111.5999984741211,64.0,,
2015-07-13,111.5999984741211,111.5999984741211,90.0,95.4000015258789,438.0,,
2015-07-14,99.0,100.80000305175781,93.5999984741211,100.80000305175781,619.0,,
2015-07-15,100.80000305175781,100.80000305175781,95.4000015258789,97.19999694824219,310.0,,
2015-07-16,97.19999694824219,100.80000305175781,95.4000015258789,95.4000015258789,71.0,,
2015-07-17,97.19999694824219,97.19999694824219,95.4000015258789,97.19999694824219,128.0,,
2015-07-20,100.80000305175781,109.80000305175781,100.80000305175781,106.19999694824219,314.0,,
2015-07-21,109.80000305175781,198.0,109.80000305175781,151.1999969482422,1371.0,,
2015-07-22,153.0,169.1999969482422,138.60000610351562,142.1999969482422,588.0,,
2015-07-23,133.1999969482422,162.0,133.1999969482422,149.39999389648438,535.0,,
2015-07-24,149.39999389648438,160.1999969482422,145.8000030517578,151.1999969482422,128.0,,
2015-07-27,151.1999969482422,156.60000610351562,135.0,144.0,665.0,,
2015-07-28,144.0,162.0,144.0,160.1999969482422,121.0,,
2015-07-29,160.1999969482422,178.1999969482422,145.8000030517578,162.0,1205.0,,
2015-07-30,178.1999969482422,178.1999969482422,156.60000610351562,171.0,271.0,,
2015-07-31,171.0,172.8000030517578,149.39999389648438,163.8000030517578,581.0,,
2015-08-03,153.0,194.39999389648438,153.0,183.60000610351562,701.0,,
2015-08-04,183.60000610351562,190.8000030517578,180.0,180.0,182.0,,
2015-08-05,180.0,214.1999969482422,180.0,214.1999969482422,713.0,,
2015-08-06,225.0,266.3999938964844,205.1999969482422,219.60000610351562,1660.0,,
2015-08-07,225.0,234.0,196.1999969482422,223.1999969482422,701.0,,
2015-08-10,223.1999969482422,248.39999389648438,223.1999969482422,243.0,204.0,,
2015-08-11,250.1999969482422,252.0,198.0,217.8000030517578,895.0,,
2015-08-12,219.60000610351562,250.1999969482422,210.60000610351562,248.39999389648438,468.0,,
2015-08-13,241.1999969482422,316.79998779296875,241.1999969482422,262.79998779296875,1436.0,,
2015-08-14,268.20001220703125,349.20001220703125,253.8000030517578,329.3999938964844,708.0,,
2015-08-17,367.20001220703125,450.0,338.3999938964844,405.0,1925.0,,
2015-08-18,401.3999938964844,428.3999938964844,351.0,396.0,770.0,,
2015-08-19,396.0,408.6000061035156,313.20001220703125,354.6000061035156,1223.0,,
2015-08-20,349.20001220703125,378.0,329.3999938964844,361.79998779296875,401.0,,
2015-08-21,374.3999938964844,374.3999938964844,334.79998779296875,342.0,290.0,,
2015-08-24,311.3999938964844,342.0,252.0,252.0,1978.0,,
2015-08-25,252.0,306.0,252.0,306.0,697.0,,
2015-08-26,304.20001220703125,309.6000061035156,289.79998779296875,298.79998779296875,192.0,,
2015-08-27,297.0,306.0,253.8000030517578,270.0,677.0,,
2015-08-28,273.6000061035156,280.79998779296875,250.1999969482422,252.0,577.0,,
2015-08-31,248.39999389648438,266.3999938964844,217.8000030517578,235.8000030517578,746.0,,
2015-09-01,243.0,271.79998779296875,243.0,271.79998779296875,329.0,,
2015-09-02,268.20001220703125,273.6000061035156,226.8000030517578,234.0,616.0,,
2015-09-03,241.1999969482422,241.1999969482422,190.8000030517578,221.39999389648438,1061.0,,
2015-09-04,225.0,234.0,201.60000610351562,201.60000610351562,592.0,,
2015-09-08,208.8000030517578,271.79998779296875,203.39999389648438,268.20001220703125,378.0,,
2015-09-09,273.6000061035156,306.0,252.0,253.8000030517578,401.0,,
2015-09-10,277.20001220703125,315.0,270.0,291.6000061035156,371.0,,
2015-09-11,280.79998779296875,313.20001220703125,280.79998779296875,284.3999938964844,179.0,,
2015-09-14,284.3999938964844,288.0,243.0,270.0,218.0,,
2015-09-15,270.0,277.20001220703125,241.1999969482422,244.8000030517578,170.0,,
2015-09-16,253.8000030517578,297.0,243.0,277.20001220703125,379.0,,
2015-09-17,279.0,293.3999938964844,270.0,288.0,236.0,,
2015-09-18,289.79998779296875,289.79998779296875,271.79998779296875,288.0,32.0,,
2015-09-21,288.0,288.0,252.0,270.0,94.0,,
2015-09-22,264.6000061035156,264.6000061035156,244.8000030517578,252.0,98.0,,
2015-09-23,243.0,270.0,235.8000030517578,243.0,293.0,,
2015-09-24,243.0,286.20001220703125,243.0,255.60000610351562,207.0,,
2015-09-25,259.20001220703125,259.20001220703125,216.0,225.0,601.0,,
2015-09-28,225.0,225.0,208.8000030517578,221.39999389648438,179.0,,
2015-09-29,223.1999969482422,225.0,216.0,223.1999969482422,174.0,,
2015-09-30,216.0,221.39999389648438,216.0,219.60000610351562,48.0,,
2015-10-01,219.60000610351562,237.60000610351562,207.0,232.1999969482422,164.0,,
2015-10-02,221.39999389648438,252.0,221.39999389648438,252.0,202.0,,
2015-10-05,243.0,243.0,207.0,217.8000030517578,391.0,,
2015-10-06,225.0,241.1999969482422,217.8000030517578,235.8000030517578,152.0,,
2015-10-07,235.8000030517578,259.20001220703125,235.8000030517578,250.1999969482422,211.0,,
2015-10-08,243.0,250.1999969482422,217.8000030517578,243.0,317.0,,
2015-10-09,234.0,234.0,199.8000030517578,223.1999969482422,491.0,,
2015-10-12,225.0,255.60000610351562,216.0,228.60000610351562,217.0,,
2015-10-13,234.0,255.60000610351562,216.0,252.0,364.0,,
2015-10-14,257.3999938964844,257.3999938964844,241.1999969482422,252.0,166.0,,
2015-10-15,252.0,284.3999938964844,248.39999389648438,255.60000610351562,102.0,,
2015-10-16,244.8000030517578,259.20001220703125,225.0,252.0,257.0,,
2015-10-19,198.0,252.0,198.0,252.0,67.0,,
2015-10-20,252.0,252.0,225.0,252.0,58.0,,
2015-10-21,243.0,252.0,234.0,243.0,90.0,,
2015-10-22,243.0,243.0,225.0,237.60000610351562,132.0,,
2015-10-23,237.60000610351562,237.60000610351562,225.0,225.0,74.0,,
2015-10-26,232.1999969482422,234.0,208.8000030517578,226.8000030517578,106.0,,
2015-10-27,212.39999389648438,232.1999969482422,198.0,207.0,397.0,,
2015-10-28,216.0,225.0,201.60000610351562,212.39999389648438,241.0,,
2015-10-29,216.0,216.0,198.0,198.0,139.0,,
2015-10-30,203.39999389648438,203.39999389648438,183.60000610351562,189.0,458.0,,
2015-11-02,187.1999969482422,198.0,183.60000610351562,187.1999969482422,482.0,,
2015-11-03,187.1999969482422,201.60000610351562,180.0,192.60000610351562,1252.0,,
2015-11-04,194.39999389648438,198.0,189.0,189.0,173.0,,
2015-11-05,189.0,192.60000610351562,187.1999969482422,190.8000030517578,235.0,,
2015-11-06,190.8000030517578,190.8000030517578,187.1999969482422,190.8000030517578,73.0,,
2015-11-09,190.8000030517578,214.1999969482422,187.1999969482422,192.60000610351562,107.0,,
2015-11-10,187.1999969482422,194.39999389648438,181.8000030517578,185.39999389648438,339.0,,
2015-11-11,187.1999969482422,187.1999969482422,181.8000030517578,187.1999969482422,49.0,,
2015-11-12,187.1999969482422,187.1999969482422,183.60000610351562,183.60000610351562,130.0,,
2015-11-13,189.0,234.0,180.0,216.0,190.0,,
2015-11-16,216.0,225.0,216.0,223.1999969482422,130.0,,
2015-11-17,219.60000610351562,223.1999969482422,181.8000030517578,198.0,323.0,,
2015-11-18,190.8000030517578,199.8000030517578,185.39999389648438,198.0,182.0,,
2015-11-19,198.0,198.0,158.39999389648438,174.60000610351562,399.0,,
2015-11-20,172.8000030517578,174.60000610351562,162.0,171.0,204.0,,
2015-11-23,171.0,171.0,163.8000030517578,169.1999969482422,66.0,,
2015-11-24,169.1999969482422,180.0,165.60000610351562,172.8000030517578,198.0,,
2015-11-25,172.8000030517578,172.8000030517578,163.8000030517578,171.0,84.0,,
2015-11-27,163.8000030517578,171.0,163.8000030517578,171.0,13.0,,
2015-11-30,167.39999389648438,171.0,158.39999389648438,167.39999389648438,176.0,,
2015-12-01,162.0,162.0,144.0,144.0,312.0,,
2015-12-02,145.8000030517578,151.1999969482422,144.0,149.39999389648438,79.0,,
2015-12-03,144.0,149.39999389648438,135.0,144.0,88.0,,
2015-12-04,144.0,144.0,126.0,138.60000610351562,232.0,,
2015-12-07,138.60000610351562,144.0,126.0,144.0,52.0,,
2015-12-08,127.80000305175781,144.0,127.80000305175781,144.0,31.0,,
2015-12-09,135.0,144.0,127.80000305175781,135.0,222.0,,
2015-12-10,135.0,144.0,118.80000305175781,135.0,158.0,,
2015-12-11,133.1999969482422,144.0,127.80000305175781,140.39999389648438,32.0,,
2015-12-14,140.39999389648438,140.39999389648438,124.19999694824219,133.1999969482422,60.0,,
2015-12-15,126.0,140.39999389648438,120.5999984741211,120.5999984741211,109.0,,
2015-12-16,122.4000015258789,135.0,122.4000015258789,122.4000015258789,80.0,,
2015-12-17,118.80000305175781,144.0,118.80000305175781,144.0,206.0,,
2015-12-18,144.0,144.0,133.1999969482422,142.1999969482422,75.0,,
2015-12-21,135.0,135.0,127.80000305175781,133.1999969482422,158.0,,
2015-12-22,129.60000610351562,135.0,124.19999694824219,129.60000610351562,178.0,,
2015-12-23,122.4000015258789,126.0,120.5999984741211,122.4000015258789,119.0,,
2015-12-24,126.0,126.0,118.80000305175781,126.0,33.0,,
2015-12-28,138.60000610351562,138.60000610351562,118.80000305175781,135.0,180.0,,
2015-12-29,120.5999984741211,135.0,120.5999984741211,127.80000305175781,291.0,,
2015-12-30,127.80000305175781,135.0,118.80000305175781,135.0,265.0,,
2015-12-31,135.0,135.0,122.4000015258789,126.0,138.0,,
2016-01-04,135.0,135.0,120.5999984741211,135.0,147.0,,
2016-01-05,126.0,252.0,126.0,171.0,3788.0,,
2016-01-06,174.60000610351562,178.1999969482422,154.8000030517578,160.1999969482422,587.0,,
2016-01-07,156.60000610351562,160.1999969482422,151.1999969482422,153.0,115.0,,
2016-01-08,153.0,154.8000030517578,151.1999969482422,153.0,101.0,,
2016-01-11,154.8000030517578,154.8000030517578,135.0,142.1999969482422,548.0,,
2016-01-12,142.1999969482422,144.0,138.60000610351562,140.39999389648438,205.0,,
2016-01-13,140.39999389648438,140.39999389648438,126.0,133.1999969482422,222.0,,
2016-01-14,135.0,171.0,135.0,156.60000610351562,300.0,,
2016-01-15,153.0,153.0,144.0,145.8000030517578,123.0,,
2016-01-19,153.0,169.1999969482422,153.0,169.1999969482422,255.0,,
2016-01-20,171.0,171.0,154.8000030517578,163.8000030517578,157.0,,
2016-01-21,163.8000030517578,163.8000030517578,145.8000030517578,153.0,427.0,,
2016-01-22,149.39999389648438,160.1999969482422,149.39999389648438,156.60000610351562,45.0,,
2016-01-25,160.1999969482422,160.1999969482422,149.39999389648438,153.0,49.0,,
2016-01-26,149.39999389648438,151.1999969482422,131.39999389648438,149.39999389648438,466.0,,
2016-01-27,149.39999389648438,149.39999389648438,145.8000030517578,145.8000030517578,30.0,,
2016-01-28,144.0,151.1999969482422,144.0,151.1999969482422,133.0,,
2016-01-29,151.1999969482422,151.1999969482422,145.8000030517578,151.1999969482422,374.0,,
2016-02-01,151.1999969482422,160.1999969482422,151.1999969482422,158.39999389648438,110.0,,
2016-02-02,153.0,158.39999389648438,145.8000030517578,151.1999969482422,170.0,,
2016-02-03,151.1999969482422,151.1999969482422,144.0,145.8000030517578,41.0,,
2016-02-04,145.8000030517578,147.60000610351562,140.39999389648438,144.0,51.0,,
2016-02-05,144.0,145.8000030517578,136.8000030517578,144.0,99.0,,
2016-02-08,144.0,144.0,131.39999389648438,142.1999969482422,212.0,,
2016-02-09,133.1999969482422,140.39999389648438,129.60000610351562,136.8000030517578,170.0,,
2016-02-10,131.39999389648438,135.0,118.80000305175781,131.39999389648438,431.0,,
2016-02-11,124.19999694824219,131.39999389648438,118.80000305175781,124.19999694824219,155.0,,
2016-02-12,126.0,135.0,126.0,133.1999969482422,93.0,,
2016-02-16,131.39999389648438,135.0,126.0,127.80000305175781,152.0,,
2016-02-17,127.80000305175781,127.80000305175781,118.80000305175781,122.4000015258789,176.0,,
2016-02-18,120.5999984741211,124.19999694824219,118.80000305175781,124.19999694824219,119.0,,
2016-02-19,124.19999694824219,124.19999694824219,117.0,122.4000015258789,276.0,,
2016-02-22,122.4000015258789,124.19999694824219,111.5999984741211,118.80000305175781,216.0,,
2016-02-23,118.80000305175781,118.80000305175781,106.19999694824219,111.5999984741211,428.0,,
2016-02-24,108.0,111.5999984741211,106.19999694824219,106.19999694824219,183.0,,
2016-02-25,108.0,108.0,102.5999984741211,108.0,270.0,,
2016-02-26,108.0,113.4000015258789,104.4000015258789,113.4000015258789,139.0,,
2016-02-29,113.4000015258789,115.19999694824219,108.0,115.19999694824219,122.0,,
2016-03-01,115.19999694824219,115.19999694824219,108.0,115.19999694824219,205.0,,
2016-03-02,115.19999694824219,115.19999694824219,102.5999984741211,108.0,174.0,,
2016-03-03,111.5999984741211,111.5999984741211,102.5999984741211,106.19999694824219,103.0,,
2016-03-04,106.19999694824219,109.80000305175781,106.19999694824219,109.80000305175781,90.0,,
2016-03-07,108.0,109.80000305175781,97.19999694824219,106.19999694824219,243.0,,
2016-03-08,106.19999694824219,108.0,100.80000305175781,108.0,172.0,,
2016-03-09,99.0,108.0,95.4000015258789,108.0,249.0,,
2016-03-10,108.0,108.0,102.5999984741211,108.0,231.0,,
2016-03-11,108.0,108.0,99.0,104.4000015258789,314.0,,
2016-03-14,104.4000015258789,129.60000610351562,99.0,126.0,553.0,,
2016-03-15,126.0,133.1999969482422,117.0,126.0,452.0,,
2016-03-16,127.80000305175781,127.80000305175781,111.5999984741211,127.80000305175781,176.0,,
2016-03-17,117.0,127.80000305175781,113.4000015258789,127.80000305175781,106.0,,
2016-03-18,126.0,126.0,115.19999694824219,126.0,151.0,,
2016-03-21,126.0,126.0,118.80000305175781,126.0,60.0,,
2016-03-22,126.0,126.0,120.5999984741211,126.0,119.0,,
2016-03-23,126.0,153.0,124.19999694824219,140.39999389648438,272.0,,
2016-03-24,140.39999389648438,163.8000030517578,138.60000610351562,163.8000030517578,735.0,,
2016-03-28,163.8000030517578,171.0,144.0,163.8000030517578,970.0,,
2016-03-29,162.0,162.0,149.39999389648438,160.1999969482422,877.0,,
2016-03-30,162.0,162.0,147.60000610351562,154.8000030517578,315.0,,
2016-03-31,149.39999389648438,154.8000030517578,147.60000610351562,154.8000030517578,136.0,,
2016-04-01,154.8000030517578,154.8000030517578,138.60000610351562,144.0,279.0,,
2016-04-04,138.60000610351562,144.0,129.60000610351562,138.60000610351562,472.0,,
2016-04-05,138.60000610351562,142.1999969482422,135.0,138.60000610351562,374.0,,
2016-04-06,138.60000610351562,142.1999969482422,131.39999389648438,135.0,695.0,,
2016-04-07,136.8000030517578,136.8000030517578,131.39999389648438,131.39999389648438,245.0,,
2016-04-08,131.39999389648438,142.1999969482422,131.39999389648438,142.1999969482422,286.0,,
2016-04-11,142.1999969482422,207.0,133.1999969482422,171.0,1934.0,,
2016-04-12,171.0,189.0,158.39999389648438,187.1999969482422,695.0,,
2016-04-13,172.8000030517578,174.60000610351562,142.1999969482422,142.1999969482422,2784.0,,
2016-04-14,151.1999969482422,151.1999969482422,127.80000305175781,135.0,1855.0,,
2016-04-15,135.0,147.60000610351562,131.39999389648438,145.8000030517578,1057.0,,
2016-04-18,154.8000030517578,158.39999389648438,145.8000030517578,153.0,989.0,,
2016-04-19,153.0,156.60000610351562,140.39999389648438,151.1999969482422,740.0,,
2016-04-20,151.1999969482422,151.1999969482422,140.39999389648438,149.39999389648438,1290.0,,
2016-04-21,147.60000610351562,149.39999389648438,138.60000610351562,142.1999969482422,268.0,,
2016-04-22,149.39999389648438,151.1999969482422,138.60000610351562,147.60000610351562,694.0,,
2016-04-25,147.60000610351562,216.0,144.0,156.60000610351562,6353.0,,
2016-04-26,153.0,167.39999389648438,147.60000610351562,158.39999389648438,1953.0,,
2016-04-27,162.0,163.8000030517578,147.60000610351562,153.0,432.0,,
2016-04-28,149.39999389648438,153.0,136.8000030517578,136.8000030517578,660.0,,
2016-04-29,142.1999969482422,154.8000030517578,138.60000610351562,147.60000610351562,1171.0,,
2016-05-02,151.1999969482422,153.0,142.1999969482422,144.0,250.0,,
2016-05-03,145.8000030517578,147.60000610351562,144.0,145.8000030517578,132.0,,
2016-05-04,145.8000030517578,147.60000610351562,142.1999969482422,145.8000030517578,222.0,,
2016-05-05,145.8000030517578,153.0,144.0,147.60000610351562,275.0,,
2016-05-06,147.60000610351562,147.60000610351562,140.39999389648438,144.0,261.0,,
2016-05-09,144.0,147.60000610351562,138.60000610351562,144.0,391.0,,
2016-05-10,145.8000030517578,145.8000030517578,127.80000305175781,144.0,477.0,,
2016-05-11,145.8000030517578,147.60000610351562,136.8000030517578,145.8000030517578,66.0,,
2016-05-12,144.0,149.39999389648438,136.8000030517578,142.1999969482422,252.0,,
2016-05-13,142.1999969482422,144.0,138.60000610351562,144.0,428.0,,
2016-05-16,153.0,171.0,147.60000610351562,153.0,1961.0,,
2016-05-17,156.60000610351562,160.1999969482422,151.1999969482422,156.60000610351562,287.0,,
2016-05-18,162.0,192.60000610351562,156.60000610351562,189.0,1223.0,,
2016-05-19,196.1999969482422,196.1999969482422,174.60000610351562,189.0,984.0,,
2016-05-20,189.0,189.0,171.0,180.0,371.0,,
2016-05-23,180.0,180.0,147.60000610351562,158.39999389648438,803.0,,
2016-05-24,160.1999969482422,167.39999389648438,156.60000610351562,167.39999389648438,228.0,,
2016-05-25,165.60000610351562,178.1999969482422,158.39999389648438,167.39999389648438,356.0,,
2016-05-26,165.60000610351562,176.39999389648438,160.1999969482422,176.39999389648438,252.0,,
2016-05-27,176.39999389648438,176.39999389648438,165.60000610351562,174.60000610351562,145.0,,
2016-05-31,174.60000610351562,176.39999389648438,167.39999389648438,171.0,215.0,,
2016-06-01,167.39999389648438,171.0,162.0,171.0,240.0,,
2016-06-02,171.0,171.0,165.60000610351562,167.39999389648438,288.0,,
2016-06-03,171.0,171.0,163.8000030517578,169.1999969482422,201.0,,
2016-06-06,171.0,171.0,165.60000610351562,165.60000610351562,247.0,,
2016-06-07,165.60000610351562,174.60000610351562,165.60000610351562,172.8000030517578,224.0,,
2016-06-08,172.8000030517578,174.60000610351562,172.8000030517578,174.60000610351562,190.0,,
2016-06-09,172.8000030517578,174.60000610351562,169.1999969482422,171.0,159.0,,
2016-06-10,172.8000030517578,172.8000030517578,162.0,162.0,191.0,,
2016-06-13,162.0,167.39999389648438,153.0,156.60000610351562,303.0,,
2016-06-14,162.0,162.0,153.0,156.60000610351562,91.0,,
2016-06-15,156.60000610351562,158.39999389648438,153.0,154.8000030517578,145.0,,
2016-06-16,156.60000610351562,162.0,147.60000610351562,162.0,228.0,,
2016-06-17,156.60000610351562,162.0,149.39999389648438,156.60000610351562,71.0,,
2016-06-20,156.60000610351562,163.8000030517578,156.60000610351562,163.8000030517578,136.0,,
2016-06-21,165.60000610351562,176.39999389648438,160.1999969482422,176.39999389648438,93.0,,
2016-06-22,167.39999389648438,176.39999389648438,149.39999389648438,172.8000030517578,146.0,,
2016-06-23,156.60000610351562,174.60000610351562,156.60000610351562,174.60000610351562,25.0,,
2016-06-24,163.8000030517578,180.0,162.0,176.39999389648438,224.0,,
2016-06-27,178.1999969482422,185.39999389648438,172.8000030517578,180.0,322.0,,
2016-06-28,180.0,180.0,171.0,174.60000610351562,162.0,,
2016-06-29,174.60000610351562,180.0,171.0,172.8000030517578,226.0,,
2016-06-30,174.60000610351562,174.60000610351562,158.39999389648438,169.1999969482422,216.0,,
2016-07-01,169.1999969482422,174.60000610351562,162.0,172.8000030517578,123.0,,
2016-07-05,171.0,172.8000030517578,144.0,160.1999969482422,418.0,,
2016-07-06,153.0,162.0,153.0,162.0,107.0,,
2016-07-07,158.39999389648438,162.0,153.0,162.0,109.0,,
2016-07-08,156.60000610351562,158.39999389648438,154.8000030517578,158.39999389648438,156.0,,
2016-07-11,156.60000610351562,156.60000610351562,149.39999389648438,154.8000030517578,216.0,,
2016-07-12,144.0,158.39999389648438,144.0,158.39999389648438,238.0,,
2016-07-13,158.39999389648438,172.8000030517578,153.0,167.39999389648438,147.0,,
2016-07-14,163.8000030517578,169.1999969482422,162.0,169.1999969482422,65.0,,
2016-07-15,169.1999969482422,171.0,153.0,167.39999389648438,77.0,,
2016-07-18,169.1999969482422,169.1999969482422,154.8000030517578,169.1999969482422,68.0,,
2016-07-19,169.1999969482422,171.0,162.0,171.0,53.0,,
2016-07-20,171.0,180.0,162.0,176.39999389648438,81.0,,
2016-07-21,176.39999389648438,180.0,174.60000610351562,176.39999389648438,61.0,,
2016-07-22,174.60000610351562,174.60000610351562,162.0,167.39999389648438,185.0,,
2016-07-25,169.1999969482422,178.1999969482422,162.0,178.1999969482422,490.0,,
2016-07-26,178.1999969482422,178.1999969482422,162.0,167.39999389648438,97.0,,
2016-07-27,176.39999389648438,178.1999969482422,162.0,162.0,105.0,,
2016-07-28,167.39999389648438,169.1999969482422,162.0,167.39999389648438,50.0,,
2016-07-29,154.8000030517578,169.1999969482422,154.8000030517578,169.1999969482422,64.0,,
2016-08-01,169.1999969482422,180.0,167.39999389648438,171.0,184.0,,
2016-08-02,171.0,176.39999389648438,171.0,171.0,259.0,,
2016-08-03,171.0,171.0,156.60000610351562,165.60000610351562,265.0,,
2016-08-04,162.0,167.39999389648438,158.39999389648438,167.39999389648438,190.0,,
2016-08-05,162.0,176.39999389648438,162.0,176.39999389648438,348.0,,
2016-08-08,178.1999969482422,180.0,167.39999389648438,169.1999969482422,266.0,,
2016-08-09,169.1999969482422,172.8000030517578,165.60000610351562,171.0,125.0,,
2016-08-10,169.1999969482422,171.0,158.39999389648438,162.0,306.0,,
2016-08-11,162.0,171.0,162.0,171.0,119.0,,
2016-08-12,171.0,171.0,163.8000030517578,167.39999389648438,306.0,,
2016-08-15,167.39999389648438,171.0,145.8000030517578,162.0,515.0,,
2016-08-16,160.1999969482422,162.0,145.8000030517578,162.0,373.0,,
2016-08-17,165.60000610351562,165.60000610351562,147.60000610351562,158.39999389648438,261.0,,
2016-08-18,158.39999389648438,158.39999389648438,145.8000030517578,149.39999389648438,110.0,,
2016-08-19,149.39999389648438,153.0,145.8000030517578,151.1999969482422,359.0,,
2016-08-22,151.1999969482422,151.1999969482422,144.0,145.8000030517578,269.0,,
2016-08-23,142.1999969482422,145.8000030517578,131.39999389648438,144.0,487.0,,
2016-08-24,144.0,144.0,135.0,144.0,130.0,,
2016-08-25,144.0,144.0,135.0,142.1999969482422,297.0,,
2016-08-26,142.1999969482422,144.0,135.0,144.0,109.0,,
2016-08-29,144.0,147.60000610351562,136.8000030517578,147.60000610351562,215.0,,
2016-08-30,160.1999969482422,160.1999969482422,144.0,158.39999389648438,238.0,,
2016-08-31,160.1999969482422,169.1999969482422,144.0,158.39999389648438,396.0,,
2016-09-01,158.39999389648438,162.0,144.0,162.0,53.0,,
2016-09-02,160.1999969482422,167.39999389648438,160.1999969482422,163.8000030517578,194.0,,
2016-09-06,174.60000610351562,174.60000610351562,165.60000610351562,169.1999969482422,305.0,,
2016-09-07,169.1999969482422,171.0,165.60000610351562,167.39999389648438,211.0,,
2016-09-08,167.39999389648438,171.0,165.60000610351562,167.39999389648438,441.0,,
2016-09-09,169.1999969482422,171.0,167.39999389648438,171.0,142.0,,
2016-09-12,171.0,172.8000030517578,167.39999389648438,169.1999969482422,183.0,,
2016-09-13,172.8000030517578,174.60000610351562,169.1999969482422,174.60000610351562,201.0,,
2016-09-14,172.8000030517578,172.8000030517578,162.0,171.0,281.0,,
2016-09-15,162.0,171.0,162.0,171.0,160.0,,
2016-09-16,171.0,171.0,162.0,169.1999969482422,182.0,,
2016-09-19,169.1999969482422,174.60000610351562,165.60000610351562,171.0,141.0,,
2016-09-20,169.1999969482422,172.8000030517578,162.0,171.0,356.0,,
2016-09-21,180.0,180.0,169.1999969482422,171.0,272.0,,
2016-09-22,171.0,176.39999389648438,167.39999389648438,174.60000610351562,252.0,,
2016-09-23,176.39999389648438,178.1999969482422,167.39999389648438,176.39999389648438,234.0,,
2016-09-26,172.8000030517578,180.0,167.39999389648438,174.60000610351562,243.0,,
2016-09-27,174.60000610351562,176.39999389648438,167.39999389648438,174.60000610351562,295.0,,
2016-09-28,174.60000610351562,176.39999389648438,169.1999969482422,174.60000610351562,233.0,,
2016-09-29,172.8000030517578,192.60000610351562,169.1999969482422,192.60000610351562,955.0,,
2016-09-30,192.60000610351562,223.1999969482422,189.0,216.0,1681.0,,
2016-10-03,219.60000610351562,223.1999969482422,203.39999389648438,212.39999389648438,1011.0,,
2016-10-04,207.0,221.39999389648438,189.0,216.0,1267.0,,
2016-10-05,217.8000030517578,252.0,216.0,250.1999969482422,2121.0,,
2016-10-06,250.1999969482422,266.3999938964844,243.0,266.3999938964844,1697.0,,
2016-10-07,270.0,273.6000061035156,237.60000610351562,270.0,1369.0,,
2016-10-10,275.3999938964844,298.79998779296875,271.79998779296875,295.20001220703125,972.0,,
2016-10-11,291.6000061035156,304.20001220703125,289.79998779296875,297.0,1073.0,,
2016-10-12,297.0,304.20001220703125,277.20001220703125,282.6000061035156,724.0,,
2016-10-13,295.20001220703125,306.0,288.0,295.20001220703125,657.0,,
2016-10-14,293.3999938964844,349.20001220703125,288.0,349.20001220703125,2085.0,,
2016-10-17,354.6000061035156,421.20001220703125,354.6000061035156,421.20001220703125,3581.0,,
2016-10-18,423.0,529.2000122070312,403.20001220703125,437.3999938964844,4633.0,,
2016-10-19,451.79998779296875,522.0,419.3999938964844,457.20001220703125,2179.0,,
2016-10-20,460.79998779296875,468.0,396.0,412.20001220703125,1573.0,,
2016-10-21,397.79998779296875,405.0,361.79998779296875,401.3999938964844,1828.0,,
2016-10-24,441.0,475.20001220703125,405.0,437.3999938964844,1450.0,,
2016-10-25,441.0,450.0,412.20001220703125,423.0,837.0,,
2016-10-26,432.0,432.0,381.6000061035156,415.79998779296875,1296.0,,
2016-10-27,423.0,423.0,378.0,412.20001220703125,789.0,,
2016-10-28,399.6000061035156,412.20001220703125,315.0,325.79998779296875,2536.0,,
2016-10-31,327.6000061035156,396.0,324.0,378.0,1754.0,,
2016-11-01,387.0,428.3999938964844,378.0,396.0,1445.0,,
2016-11-02,387.0,414.0,369.0,379.79998779296875,770.0,,
2016-11-03,387.0,403.20001220703125,360.0,378.0,903.0,,
2016-11-04,392.3999938964844,405.0,306.0,369.0,1351.0,,
2016-11-07,408.6000061035156,423.0,378.0,414.0,1272.0,,
2016-11-08,433.79998779296875,437.3999938964844,345.6000061035156,367.20001220703125,1936.0,,
2016-11-09,397.79998779296875,414.0,306.0,334.79998779296875,1546.0,,
2016-11-10,351.0,360.0,253.8000030517578,264.6000061035156,2126.0,,
2016-11-11,259.20001220703125,270.0,223.1999969482422,270.0,1234.0,,
2016-11-14,280.79998779296875,284.3999938964844,225.0,268.20001220703125,1524.0,,
2016-11-15,261.0,270.0,235.8000030517578,250.1999969482422,531.0,,
2016-11-16,252.0,324.0,244.8000030517578,311.3999938964844,1026.0,,
2016-11-17,315.0,324.0,275.3999938964844,304.20001220703125,647.0,,
2016-11-18,306.0,306.0,252.0,261.0,958.0,,
2016-11-21,266.3999938964844,279.0,219.60000610351562,221.39999389648438,1376.0,,
2016-11-22,217.8000030517578,248.39999389648438,216.0,216.0,1127.0,,
2016-11-23,212.39999389648438,259.20001220703125,198.0,234.0,353.0,,
2016-11-25,255.60000610351562,259.20001220703125,234.0,255.60000610351562,192.0,,
2016-11-28,255.60000610351562,288.0,252.0,286.20001220703125,641.0,,
2016-11-29,286.20001220703125,288.0,264.6000061035156,279.0,173.0,,
2016-11-30,270.0,279.0,255.60000610351562,268.20001220703125,230.0,,
2016-12-01,270.0,286.20001220703125,257.3999938964844,268.20001220703125,231.0,,
2016-12-02,311.3999938964844,311.3999938964844,261.0,270.0,139.0,,
2016-12-05,275.3999938964844,275.3999938964844,216.0,252.0,966.0,,
2016-12-06,261.0,261.0,234.0,252.0,219.0,,
2016-12-07,261.0,270.0,252.0,264.6000061035156,517.0,,
2016-12-08,271.79998779296875,273.6000061035156,244.8000030517578,252.0,393.0,,
2016-12-09,250.1999969482422,266.3999938964844,244.8000030517578,264.6000061035156,247.0,,
2016-12-12,262.79998779296875,270.0,250.1999969482422,255.60000610351562,141.0,,
2016-12-13,259.20001220703125,273.6000061035156,252.0,268.20001220703125,364.0,,
2016-12-14,271.79998779296875,273.6000061035156,252.0,266.3999938964844,292.0,,
2016-12-15,268.20001220703125,320.3999938964844,266.3999938964844,307.79998779296875,976.0,,
2016-12-16,322.20001220703125,351.0,306.0,347.3999938964844,1020.0,,
2016-12-19,347.3999938964844,356.3999938964844,289.79998779296875,306.0,912.0,,
2016-12-20,307.79998779296875,327.6000061035156,277.20001220703125,286.20001220703125,457.0,,
2016-12-21,306.0,306.0,279.0,291.6000061035156,342.0,,
2016-12-22,306.0,309.6000061035156,293.3999938964844,293.3999938964844,193.0,,
2016-12-23,297.0,306.0,284.3999938964844,306.0,360.0,,
2016-12-27,298.79998779296875,338.3999938964844,298.79998779296875,329.3999938964844,616.0,,
2016-12-28,329.3999938964844,356.3999938964844,315.0,345.6000061035156,510.0,,
2016-12-29,343.79998779296875,347.3999938964844,327.6000061035156,327.6000061035156,277.0,,
2016-12-30,338.3999938964844,360.0,336.6000061035156,360.0,528.0,,
2017-01-03,396.0,396.0,360.0,365.3999938964844,883.0,,
2017-01-04,361.79998779296875,378.0,360.0,376.20001220703125,514.0,,
2017-01-05,379.79998779296875,401.3999938964844,378.0,396.0,693.0,,
2017-01-06,419.3999938964844,432.0,394.20001220703125,403.20001220703125,1285.0,,
2017-01-09,414.0,423.0,396.0,408.6000061035156,784.0,,
2017-01-10,410.3999938964844,426.6000061035156,406.79998779296875,406.79998779296875,486.0,,
2017-01-11,424.79998779296875,432.0,396.0,399.6000061035156,579.0,,
2017-01-12,399.6000061035156,424.79998779296875,324.0,352.79998779296875,873.0,,
2017-01-13,360.0,378.0,351.0,378.0,519.0,,
2017-01-17,396.0,399.6000061035156,352.79998779296875,397.79998779296875,1281.0,,
2017-01-18,396.0,412.20001220703125,396.0,403.20001220703125,530.0,,
2017-01-19,379.79998779296875,399.6000061035156,367.20001220703125,397.79998779296875,760.0,,
2017-01-20,379.79998779296875,414.0,361.79998779296875,383.3999938964844,608.0,,
2017-01-23,394.20001220703125,405.0,354.6000061035156,385.20001220703125,604.0,,
2017-01-24,385.20001220703125,410.3999938964844,363.6000061035156,376.20001220703125,380.0,,
2017-01-25,376.20001220703125,396.0,369.0,376.20001220703125,711.0,,
2017-01-26,387.0,396.0,361.79998779296875,387.0,602.0,,
2017-01-27,383.3999938964844,396.0,369.0,387.0,223.0,,
2017-01-30,388.79998779296875,396.0,378.0,387.0,386.0,,
2017-01-31,388.79998779296875,396.0,376.20001220703125,378.0,361.0,,
2017-02-01,378.0,396.0,369.0,378.0,558.0,,
2017-02-02,381.6000061035156,385.20001220703125,370.79998779296875,376.20001220703125,285.0,,
2017-02-03,378.0,378.0,369.0,378.0,292.0,,
2017-02-06,390.6000061035156,390.6000061035156,360.0,363.6000061035156,463.0,,
2017-02-07,378.0,378.0,329.3999938964844,331.20001220703125,1087.0,,
2017-02-08,347.3999938964844,369.0,325.79998779296875,347.3999938964844,332.0,,
2017-02-09,327.6000061035156,360.0,306.0,320.3999938964844,969.0,,
2017-02-10,302.3999938964844,334.79998779296875,291.6000061035156,320.3999938964844,354.0,,
2017-02-13,342.0,342.0,289.79998779296875,298.79998779296875,540.0,,
2017-02-14,302.3999938964844,324.0,298.79998779296875,298.79998779296875,624.0,,
2017-02-15,311.3999938964844,324.0,302.3999938964844,309.6000061035156,437.0,,
2017-02-16,324.0,360.0,306.0,313.20001220703125,632.0,,
2017-02-17,315.0,349.20001220703125,298.79998779296875,306.0,466.0,,
2017-02-21,324.0,354.6000061035156,315.0,342.0,959.0,,
2017-02-22,349.20001220703125,356.3999938964844,324.0,329.3999938964844,448.0,,
2017-02-23,340.20001220703125,356.3999938964844,318.6000061035156,318.6000061035156,450.0,,
2017-02-24,306.0,315.0,243.0,288.0,1845.0,,
2017-02-27,288.0,306.0,286.20001220703125,304.20001220703125,521.0,,
2017-02-28,304.20001220703125,347.3999938964844,304.20001220703125,318.6000061035156,716.0,,
2017-03-01,311.3999938964844,320.3999938964844,289.79998779296875,291.6000061035156,545.0,,
2017-03-02,286.20001220703125,295.20001220703125,271.79998779296875,284.3999938964844,570.0,,
2017-03-03,295.20001220703125,306.0,284.3999938964844,304.20001220703125,375.0,,
2017-03-06,320.3999938964844,324.0,300.6000061035156,309.6000061035156,422.0,,
2017-03-07,307.79998779296875,322.20001220703125,300.6000061035156,306.0,321.0,,
2017-03-08,320.3999938964844,324.0,315.0,322.20001220703125,590.0,,
2017-03-09,324.0,324.0,313.20001220703125,320.3999938964844,252.0,,
2017-03-10,316.79998779296875,322.20001220703125,311.3999938964844,318.6000061035156,206.0,,
2017-03-13,320.3999938964844,324.0,311.3999938964844,315.0,257.0,,
2017-03-14,324.0,336.6000061035156,311.3999938964844,313.20001220703125,210.0,,
2017-03-15,322.20001220703125,324.0,306.0,320.3999938964844,165.0,,
2017-03-16,315.0,324.0,306.0,306.0,190.0,,
2017-03-17,315.0,322.20001220703125,306.0,311.3999938964844,104.0,,
2017-03-20,318.6000061035156,324.0,306.0,307.79998779296875,221.0,,
2017-03-21,315.0,315.0,288.0,304.20001220703125,385.0,,
2017-03-22,304.20001220703125,304.20001220703125,286.20001220703125,298.79998779296875,313.0,,
2017-03-23,300.6000061035156,306.0,288.0,297.0,219.0,,
2017-03-24,297.0,302.3999938964844,284.3999938964844,293.3999938964844,505.0,,
2017-03-27,288.0,306.0,286.20001220703125,289.79998779296875,203.0,,
2017-03-28,297.0,306.0,289.79998779296875,295.20001220703125,102.0,,
2017-03-29,297.0,318.6000061035156,295.20001220703125,315.0,213.0,,
2017-03-30,318.6000061035156,342.0,315.0,331.20001220703125,741.0,,
2017-03-31,331.20001220703125,342.0,315.0,327.6000061035156,564.0,,
2017-04-03,333.0,360.0,324.0,338.3999938964844,621.0,,
2017-04-04,343.79998779296875,378.0,336.6000061035156,360.0,1142.0,,
2017-04-05,363.6000061035156,378.0,352.79998779296875,360.0,558.0,,
2017-04-06,367.20001220703125,369.0,329.3999938964844,351.0,418.0,,
2017-04-07,349.20001220703125,351.0,334.79998779296875,342.0,240.0,,
2017-04-10,351.0,351.0,334.79998779296875,334.79998779296875,271.0,,
2017-04-11,338.3999938964844,347.3999938964844,324.0,338.3999938964844,403.0,,
2017-04-12,340.20001220703125,340.20001220703125,320.3999938964844,325.79998779296875,237.0,,
2017-04-13,334.79998779296875,336.6000061035156,325.79998779296875,333.0,113.0,,
2017-04-17,336.6000061035156,351.0,334.79998779296875,343.79998779296875,423.0,,
2017-04-18,342.0,351.0,324.0,324.0,426.0,,
2017-04-19,324.0,336.6000061035156,324.0,334.79998779296875,158.0,,
2017-04-20,333.0,343.79998779296875,325.79998779296875,331.20001220703125,210.0,,
2017-04-21,336.6000061035156,336.6000061035156,315.0,331.20001220703125,322.0,,
2017-04-24,333.0,342.0,320.3999938964844,322.20001220703125,173.0,,
2017-04-25,320.3999938964844,327.6000061035156,307.79998779296875,322.20001220703125,325.0,,
2017-04-26,320.3999938964844,324.0,306.0,306.0,303.0,,
2017-04-27,307.79998779296875,324.0,306.0,311.3999938964844,182.0,,
2017-04-28,306.0,313.20001220703125,304.20001220703125,309.6000061035156,182.0,,
2017-05-01,307.79998779296875,315.0,302.3999938964844,311.3999938964844,290.0,,
2017-05-02,306.0,315.0,306.0,307.79998779296875,93.0,,
2017-05-03,311.3999938964844,322.20001220703125,288.0,288.0,460.0,,
2017-05-04,289.79998779296875,298.79998779296875,270.0,293.3999938964844,225.0,,
2017-05-05,298.79998779296875,298.79998779296875,286.20001220703125,291.6000061035156,113.0,,
2017-05-08,295.20001220703125,298.79998779296875,270.0,286.20001220703125,432.0,,
2017-05-09,280.79998779296875,288.0,268.20001220703125,271.79998779296875,443.0,,
2017-05-10,270.0,275.3999938964844,253.8000030517578,253.8000030517578,287.0,,
2017-05-11,250.1999969482422,259.20001220703125,226.8000030517578,230.39999389648438,483.0,,
2017-05-12,228.60000610351562,248.39999389648438,223.1999969482422,225.0,964.0,,
2017-05-15,228.60000610351562,234.0,221.39999389648438,228.60000610351562,408.0,,
2017-05-16,226.8000030517578,226.8000030517578,190.8000030517578,221.39999389648438,2362.0,,
2017-05-17,221.39999389648438,221.39999389648438,198.0,219.60000610351562,504.0,,
2017-05-18,217.8000030517578,217.8000030517578,198.0,205.1999969482422,372.0,,
2017-05-19,207.0,207.0,181.8000030517578,189.0,1052.0,,
2017-05-22,187.1999969482422,187.1999969482422,163.8000030517578,176.39999389648438,1137.0,,
2017-05-23,178.1999969482422,221.39999389648438,176.39999389648438,201.60000610351562,1291.0,,
2017-05-24,201.60000610351562,207.0,183.60000610351562,199.8000030517578,262.0,,
2017-05-25,198.0,237.60000610351562,198.0,219.60000610351562,503.0,,
2017-05-26,223.1999969482422,250.1999969482422,216.0,250.1999969482422,337.0,,
2017-05-30,250.1999969482422,266.3999938964844,250.1999969482422,252.0,441.0,,
2017-05-31,259.20001220703125,266.3999938964844,216.0,237.60000610351562,210.0,,
2017-06-01,237.60000610351562,239.39999389648438,198.0,226.8000030517578,426.0,,
2017-06-02,228.60000610351562,234.0,216.0,217.8000030517578,214.0,,
2017-06-05,225.0,234.0,216.0,228.60000610351562,137.0,,
2017-06-06,225.0,252.0,225.0,234.0,158.0,,
2017-06-07,230.39999389648438,234.0,199.8000030517578,228.60000610351562,330.0,,
2017-06-08,226.8000030517578,230.39999389648438,199.8000030517578,226.8000030517578,162.0,,
2017-06-09,225.0,226.8000030517578,198.0,212.39999389648438,183.0,,
2017-06-12,217.8000030517578,230.39999389648438,201.60000610351562,216.0,251.0,,
2017-06-13,216.0,225.0,208.8000030517578,208.8000030517578,64.0,,
2017-06-14,219.60000610351562,219.60000610351562,207.0,208.8000030517578,74.0,,
2017-06-15,212.39999389648438,216.0,203.39999389648438,205.1999969482422,118.0,,
2017-06-16,203.39999389648438,216.0,199.8000030517578,212.39999389648438,138.0,,
2017-06-19,212.39999389648438,214.1999969482422,210.60000610351562,210.60000610351562,91.0,,
2017-06-20,212.39999389648438,212.39999389648438,205.1999969482422,205.1999969482422,100.0,,
2017-06-21,208.8000030517578,212.39999389648438,205.1999969482422,205.1999969482422,42.0,,
2017-06-22,201.60000610351562,207.0,189.0,199.8000030517578,276.0,,
2017-06-23,201.60000610351562,216.0,198.0,214.1999969482422,154.0,,
2017-06-26,214.1999969482422,214.1999969482422,199.8000030517578,205.1999969482422,124.0,,
2017-06-27,207.0,214.1999969482422,201.60000610351562,210.60000610351562,91.0,,
2017-06-28,207.0,214.1999969482422,201.60000610351562,207.0,93.0,,
2017-06-29,207.0,216.0,205.1999969482422,216.0,129.0,,
2017-06-30,212.39999389648438,243.0,207.0,212.39999389648438,165.0,,
2017-07-03,207.0,216.0,207.0,214.1999969482422,77.0,,
2017-07-05,216.0,216.0,207.0,210.60000610351562,50.0,,
2017-07-06,212.39999389648438,230.39999389648438,208.8000030517578,219.60000610351562,294.0,,
2017-07-07,225.0,225.0,216.0,219.60000610351562,157.0,,
2017-07-10,221.39999389648438,234.0,216.0,234.0,168.0,,
2017-07-11,226.8000030517578,252.0,226.8000030517578,250.1999969482422,566.0,,
2017-07-12,239.39999389648438,259.20001220703125,226.8000030517578,257.3999938964844,404.0,,
2017-07-13,243.0,264.6000061035156,226.8000030517578,264.6000061035156,294.0,,
2017-07-14,264.6000061035156,270.0,252.0,264.6000061035156,188.0,,
2017-07-17,270.0,270.0,252.0,262.79998779296875,184.0,,
2017-07-18,262.79998779296875,266.3999938964844,261.0,262.79998779296875,78.0,,
2017-07-19,264.6000061035156,270.0,250.1999969482422,250.1999969482422,147.0,,
2017-07-20,252.0,259.20001220703125,250.1999969482422,259.20001220703125,122.0,,
2017-07-21,255.60000610351562,259.20001220703125,239.39999389648438,255.60000610351562,202.0,,
2017-07-24,234.0,257.3999938964844,234.0,241.1999969482422,114.0,,
2017-07-25,243.0,243.0,225.0,230.39999389648438,122.0,,
2017-07-26,230.39999389648438,250.1999969482422,219.60000610351562,241.1999969482422,107.0,,
2017-07-27,241.1999969482422,241.1999969482422,216.0,221.39999389648438,225.0,,
2017-07-28,221.39999389648438,234.0,216.0,225.0,164.0,,
2017-07-31,234.0,243.0,225.0,243.0,212.0,,
2017-08-01,235.8000030517578,250.1999969482422,230.39999389648438,246.60000610351562,48.0,,
2017-08-02,241.1999969482422,261.0,217.8000030517578,243.0,288.0,,
2017-08-03,243.0,268.20001220703125,216.0,243.0,185.0,,
2017-08-04,232.1999969482422,259.20001220703125,216.0,239.39999389648438,110.0,,
2017-08-07,235.8000030517578,255.60000610351562,216.0,243.0,219.0,,
2017-08-08,243.0,250.1999969482422,232.1999969482422,234.0,165.0,,
2017-08-09,268.20001220703125,268.20001220703125,228.60000610351562,237.60000610351562,178.0,,
2017-08-10,252.0,252.0,225.0,234.0,130.0,,
2017-08-11,230.39999389648438,234.0,219.60000610351562,234.0,145.0,,
2017-08-14,237.60000610351562,243.0,216.0,225.0,180.0,,
2017-08-15,225.0,225.0,190.8000030517578,201.60000610351562,429.0,,
2017-08-16,203.39999389648438,239.39999389648438,198.0,217.8000030517578,328.0,,
2017-08-17,232.1999969482422,232.1999969482422,205.1999969482422,214.1999969482422,100.0,,
2017-08-18,216.0,216.0,208.8000030517578,214.1999969482422,164.0,,
2017-08-21,214.1999969482422,217.8000030517578,198.0,216.0,185.0,,
2017-08-22,210.60000610351562,221.39999389648438,199.8000030517578,219.60000610351562,37.0,,
2017-08-23,219.60000610351562,219.60000610351562,207.0,216.0,68.0,,
2017-08-24,216.0,219.60000610351562,198.0,216.0,438.0,,
2017-08-25,216.0,216.0,192.60000610351562,216.0,380.0,,
2017-08-28,196.1999969482422,216.0,196.1999969482422,205.1999969482422,263.0,,
2017-08-29,205.1999969482422,207.0,198.0,207.0,234.0,,
2017-08-30,201.60000610351562,207.0,196.1999969482422,203.39999389648438,409.0,,
2017-08-31,205.1999969482422,205.1999969482422,196.1999969482422,201.60000610351562,172.0,,
2017-09-01,198.0,205.1999969482422,190.8000030517578,201.60000610351562,176.0,,
2017-09-05,198.0,201.60000610351562,194.39999389648438,201.60000610351562,330.0,,
2017-09-06,198.0,201.60000610351562,194.39999389648438,198.0,213.0,,
2017-09-07,198.0,201.60000610351562,194.39999389648438,196.1999969482422,113.0,,
2017-09-08,198.0,201.60000610351562,190.8000030517578,192.60000610351562,283.0,,
2017-09-11,196.1999969482422,198.0,181.8000030517578,190.8000030517578,169.0,,
2017-09-12,189.0,208.8000030517578,189.0,207.0,816.0,,
2017-09-13,203.39999389648438,207.0,194.39999389648438,201.60000610351562,242.0,,
2017-09-14,201.60000610351562,201.60000610351562,194.39999389648438,194.39999389648438,138.0,,
2017-09-15,194.39999389648438,201.60000610351562,192.60000610351562,196.1999969482422,687.0,,
2017-09-18,196.1999969482422,198.0,190.8000030517578,194.39999389648438,195.0,,
2017-09-19,194.39999389648438,198.0,167.39999389648438,183.60000610351562,594.0,,
2017-09-20,181.8000030517578,190.8000030517578,180.0,189.0,110.0,,
2017-09-21,189.0,196.1999969482422,181.8000030517578,189.0,155.0,,
2017-09-22,194.39999389648438,198.0,180.0,196.1999969482422,127.0,,
2017-09-25,196.1999969482422,198.0,181.8000030517578,185.39999389648438,238.0,,
2017-09-26,189.0,198.0,180.0,187.1999969482422,150.0,,
2017-09-27,181.8000030517578,194.39999389648438,172.8000030517578,185.39999389648438,219.0,,
2017-09-28,169.1999969482422,187.1999969482422,169.1999969482422,180.0,402.0,,
2017-09-29,169.1999969482422,187.1999969482422,169.1999969482422,185.39999389648438,208.0,,
2017-10-02,183.60000610351562,198.0,183.60000610351562,194.39999389648438,144.0,,
2017-10-03,196.1999969482422,198.0,190.8000030517578,198.0,119.0,,
2017-10-04,194.39999389648438,198.0,187.1999969482422,187.1999969482422,142.0,,
2017-10-05,194.39999389648438,194.39999389648438,181.8000030517578,183.60000610351562,81.0,,
2017-10-06,187.1999969482422,192.60000610351562,181.8000030517578,183.60000610351562,87.0,,
2017-10-09,187.1999969482422,190.8000030517578,181.8000030517578,189.0,53.0,,
2017-10-10,190.8000030517578,190.8000030517578,185.39999389648438,190.8000030517578,50.0,,
2017-10-11,187.1999969482422,198.0,187.1999969482422,198.0,93.0,,
2017-10-12,196.1999969482422,203.39999389648438,192.60000610351562,203.39999389648438,164.0,,
2017-10-13,203.39999389648438,207.0,196.1999969482422,207.0,261.0,,
2017-10-16,201.60000610351562,210.60000610351562,198.0,205.1999969482422,263.0,,
2017-10-17,199.8000030517578,210.60000610351562,198.0,205.1999969482422,170.0,,
2017-10-18,198.0,205.1999969482422,198.0,205.1999969482422,27.0,,
2017-10-19,198.0,207.0,194.39999389648438,196.1999969482422,119.0,,
2017-10-20,198.0,203.39999389648438,194.39999389648438,194.39999389648438,99.0,,
2017-10-23,189.0,205.1999969482422,176.39999389648438,205.1999969482422,525.0,,
2017-10-24,199.8000030517578,203.39999389648438,192.60000610351562,194.39999389648438,260.0,,
2017-10-25,190.8000030517578,198.0,190.8000030517578,192.60000610351562,72.0,,
2017-10-26,192.60000610351562,199.8000030517578,192.60000610351562,196.1999969482422,204.0,,
2017-10-27,198.0,207.0,196.1999969482422,207.0,320.0,,
2017-10-30,207.0,241.1999969482422,196.1999969482422,239.39999389648438,552.0,,
2017-10-31,223.1999969482422,259.20001220703125,207.0,259.20001220703125,782.0,,
2017-11-01,259.20001220703125,266.3999938964844,241.1999969482422,266.3999938964844,790.0,,
2017-11-02,250.1999969482422,268.20001220703125,250.1999969482422,261.0,243.0,,
2017-11-03,266.3999938964844,266.3999938964844,252.0,259.20001220703125,144.0,,
2017-11-06,259.20001220703125,259.20001220703125,252.0,257.3999938964844,134.0,,
2017-11-07,261.0,288.0,252.0,286.20001220703125,693.0,,
2017-11-08,288.0,297.0,271.79998779296875,282.6000061035156,236.0,,
2017-11-09,286.20001220703125,286.20001220703125,264.6000061035156,279.0,161.0,,
2017-11-10,268.20001220703125,284.3999938964844,257.3999938964844,282.6000061035156,253.0,,
2017-11-13,288.0,288.0,261.0,264.6000061035156,281.0,,
2017-11-14,264.6000061035156,279.0,217.8000030517578,248.39999389648438,654.0,,
2017-11-15,219.60000610351562,255.60000610351562,219.60000610351562,234.0,479.0,,
2017-11-16,234.0,252.0,232.1999969482422,235.8000030517578,154.0,,
2017-11-17,239.39999389648438,252.0,232.1999969482422,250.1999969482422,196.0,,
2017-11-20,252.0,264.6000061035156,252.0,259.20001220703125,189.0,,
2017-11-21,259.20001220703125,261.0,255.60000610351562,261.0,183.0,,
2017-11-22,261.0,264.6000061035156,246.60000610351562,248.39999389648438,116.0,,
2017-11-24,261.0,297.0,248.39999389648438,288.0,282.0,,
2017-11-27,306.0,306.0,248.39999389648438,297.0,549.0,,
2017-11-28,297.0,306.0,261.0,279.0,501.0,,
2017-11-29,282.6000061035156,295.20001220703125,248.39999389648438,295.20001220703125,350.0,,
2017-11-30,297.0,304.20001220703125,264.6000061035156,279.0,261.0,,
2017-12-01,297.0,297.0,225.0,280.79998779296875,409.0,,
2017-12-04,270.0,297.0,262.79998779296875,280.79998779296875,331.0,,
2017-12-05,280.79998779296875,286.20001220703125,253.8000030517578,277.20001220703125,389.0,,
2017-12-06,273.6000061035156,279.0,253.8000030517578,253.8000030517578,333.0,,
2017-12-07,243.0,252.0,225.0,250.1999969482422,421.0,,
2017-12-08,235.8000030517578,252.0,235.8000030517578,252.0,304.0,,
2017-12-11,248.39999389648438,266.3999938964844,248.39999389648438,255.60000610351562,359.0,,
2017-12-12,266.3999938964844,266.3999938964844,248.39999389648438,264.6000061035156,316.0,,
2017-12-13,266.3999938964844,331.20001220703125,264.6000061035156,302.3999938964844,1709.0,,
2017-12-14,333.0,342.0,307.79998779296875,324.0,718.0,,
2017-12-15,324.0,333.0,311.3999938964844,331.20001220703125,265.0,,
2017-12-18,342.0,342.0,307.79998779296875,307.79998779296875,574.0,,
2017-12-19,315.0,322.20001220703125,306.0,315.0,242.0,,
2017-12-20,313.20001220703125,322.20001220703125,306.0,311.3999938964844,281.0,,
2017-12-21,327.6000061035156,360.0,309.6000061035156,360.0,898.0,,
2017-12-22,360.0,360.0,336.6000061035156,358.20001220703125,710.0,,
2017-12-26,360.0,392.3999938964844,334.79998779296875,378.0,814.0,,
2017-12-27,378.0,392.3999938964844,370.79998779296875,392.3999938964844,793.0,,
2017-12-28,414.0,432.0,342.0,401.3999938964844,1735.0,,
2017-12-29,430.20001220703125,459.0,360.0,432.0,1756.0,,
2018-01-02,450.0,504.0,435.6000061035156,487.79998779296875,2043.0,,
2018-01-03,502.20001220703125,540.0,405.0,520.2000122070312,2553.0,,
2018-01-04,502.20001220703125,518.4000244140625,325.79998779296875,356.3999938964844,4027.0,,
2018-01-05,342.0,468.0,288.0,439.20001220703125,2341.0,,
2018-01-08,441.0,522.0,441.0,496.79998779296875,1565.0,,
2018-01-09,480.6000061035156,630.0,480.6000061035156,621.0,1874.0,,
2018-01-10,649.7999877929688,666.0,547.2000122070312,630.0,1090.0,,
2018-01-11,639.0,648.0,540.0,576.0,1318.0,,
2018-01-12,554.4000244140625,574.2000122070312,442.79998779296875,522.0,1897.0,,
2018-01-16,504.0,558.0,477.0,509.3999938964844,863.0,,
2018-01-17,509.3999938964844,549.0,500.3999938964844,549.0,479.0,,
2018-01-18,576.0,624.5999755859375,558.0,617.4000244140625,1819.0,,
2018-01-19,612.0,624.5999755859375,558.0,594.0,859.0,,
2018-01-22,615.5999755859375,626.4000244140625,594.0,612.0,901.0,,
2018-01-23,619.2000122070312,840.5999755859375,603.0,840.5999755859375,2805.0,,
2018-01-24,864.0,873.0,720.0,720.0,2481.0,,
2018-01-25,738.0,792.0,702.0,781.2000122070312,931.0,,
2018-01-26,756.0,792.0,720.0,738.0,820.0,,
2018-01-29,777.5999755859375,828.0,667.7999877929688,745.2000122070312,1373.0,,
2018-01-30,756.0,774.0,651.5999755859375,675.0,1005.0,,
2018-01-31,693.0,693.0,603.0,608.4000244140625,1016.0,,
2018-02-01,637.2000122070312,637.2000122070312,505.79998779296875,509.3999938964844,2938.0,,
2018-02-02,509.3999938964844,520.2000122070312,444.6000061035156,500.3999938964844,1874.0,,
2018-02-05,468.0,511.20001220703125,399.6000061035156,482.3999938964844,1500.0,,
2018-02-06,482.3999938964844,543.5999755859375,433.79998779296875,540.0,812.0,,
2018-02-07,527.4000244140625,592.2000122070312,513.0,540.0,632.0,,
2018-02-08,554.4000244140625,558.0,489.6000061035156,504.0,293.0,,
2018-02-09,504.0,541.7999877929688,448.20001220703125,486.0,861.0,,
2018-02-12,491.3999938964844,513.0,468.0,509.3999938964844,285.0,,
2018-02-13,496.79998779296875,507.6000061035156,468.0,486.0,292.0,,
2018-02-14,486.0,529.2000122070312,468.0,507.6000061035156,225.0,,
2018-02-15,504.0,505.79998779296875,486.0,495.0,194.0,,
2018-02-16,504.0,504.0,459.0,486.0,281.0,,
2018-02-20,493.20001220703125,500.3999938964844,468.0,471.6000061035156,363.0,,
2018-02-21,471.6000061035156,471.6000061035156,433.79998779296875,444.6000061035156,657.0,,
2018-02-22,433.79998779296875,459.0,405.0,450.0,475.0,,
2018-02-23,437.3999938964844,462.6000061035156,406.79998779296875,414.0,437.0,,
2018-02-26,406.79998779296875,430.20001220703125,378.0,397.79998779296875,413.0,,
2018-02-27,378.0,396.0,367.20001220703125,376.20001220703125,777.0,,
2018-02-28,367.20001220703125,428.3999938964844,363.6000061035156,414.0,460.0,,
2018-03-01,414.0,428.3999938964844,390.6000061035156,392.3999938964844,280.0,,
2018-03-02,378.0,406.79998779296875,378.0,406.79998779296875,131.0,,
2018-03-05,387.0,414.0,370.79998779296875,414.0,101.0,,
2018-03-06,406.79998779296875,450.0,406.79998779296875,441.0,564.0,,
2018-03-07,450.0,450.0,405.0,441.0,153.0,,
2018-03-08,415.79998779296875,450.0,414.0,421.20001220703125,163.0,,
2018-03-09,424.79998779296875,441.0,414.0,437.3999938964844,229.0,,
2018-03-12,435.6000061035156,450.0,414.0,414.0,108.0,,
2018-03-13,441.0,441.0,396.0,410.3999938964844,114.0,,
2018-03-14,399.6000061035156,423.0,387.0,387.0,149.0,,
2018-03-15,387.0,412.20001220703125,376.20001220703125,388.79998779296875,427.0,,
2018-03-16,394.20001220703125,394.20001220703125,369.0,383.3999938964844,261.0,,
2018-03-19,378.0,394.20001220703125,363.6000061035156,372.6000061035156,205.0,,
2018-03-20,369.0,372.6000061035156,360.0,360.0,173.0,,
2018-03-21,372.6000061035156,378.0,343.79998779296875,349.20001220703125,406.0,,
2018-03-22,351.0,410.3999938964844,345.6000061035156,370.79998779296875,495.0,,
2018-03-23,372.6000061035156,376.20001220703125,352.79998779296875,358.20001220703125,173.0,,
2018-03-26,358.20001220703125,358.20001220703125,309.6000061035156,324.0,619.0,,
2018-03-27,307.79998779296875,342.0,306.0,324.0,193.0,,
2018-03-28,324.0,324.0,289.79998779296875,298.79998779296875,262.0,,
2018-03-29,298.79998779296875,333.0,297.0,315.0,165.0,,
2018-04-02,297.0,320.3999938964844,270.0,288.0,809.0,,
2018-04-03,284.3999938964844,288.0,246.60000610351562,264.6000061035156,477.0,,
2018-04-04,279.0,279.0,243.0,259.20001220703125,415.0,,
2018-04-05,257.3999938964844,302.3999938964844,252.0,300.6000061035156,371.0,,
2018-04-06,306.0,334.79998779296875,298.79998779296875,327.6000061035156,363.0,,
2018-04-09,333.0,349.20001220703125,318.6000061035156,347.3999938964844,475.0,,
2018-04-10,369.0,401.3999938964844,349.20001220703125,399.6000061035156,1029.0,,
2018-04-11,405.0,412.20001220703125,378.0,387.0,480.0,,
2018-04-12,387.0,396.0,343.79998779296875,376.20001220703125,252.0,,
2018-04-13,354.6000061035156,513.0,333.0,513.0,1077.0,,
2018-04-16,509.3999938964844,522.0,423.0,468.0,1290.0,,
2018-04-17,444.6000061035156,486.0,414.0,414.0,441.0,,
2018-04-18,423.0,426.6000061035156,405.0,426.6000061035156,243.0,,
2018-04-19,415.79998779296875,432.0,397.79998779296875,408.6000061035156,144.0,,
2018-04-20,410.3999938964844,450.0,408.6000061035156,432.0,242.0,,
2018-04-23,446.3999938964844,446.3999938964844,414.0,426.6000061035156,156.0,,
2018-04-24,417.6000061035156,428.3999938964844,396.0,401.3999938964844,416.0,,
2018-04-25,401.3999938964844,401.3999938964844,387.0,392.3999938964844,244.0,,
2018-04-26,401.3999938964844,410.3999938964844,378.0,387.0,419.0,,
2018-04-27,381.6000061035156,414.0,381.6000061035156,412.20001220703125,175.0,,
2018-04-30,405.0,441.0,396.0,414.0,259.0,,
2018-05-01,430.20001220703125,430.20001220703125,379.79998779296875,387.0,186.0,,
2018-05-02,408.6000061035156,412.20001220703125,378.0,387.0,188.0,,
2018-05-03,387.0,399.6000061035156,336.6000061035156,356.3999938964844,693.0,,
2018-05-04,354.6000061035156,385.20001220703125,342.0,383.3999938964844,332.0,,
2018-05-07,414.0,414.0,378.0,397.79998779296875,335.0,,
2018-05-08,405.0,423.0,387.0,412.20001220703125,287.0,,
2018-05-09,399.6000061035156,412.20001220703125,376.20001220703125,405.0,316.0,,
2018-05-10,405.0,405.0,370.79998779296875,372.6000061035156,375.0,,
2018-05-11,376.20001220703125,385.20001220703125,360.0,369.0,281.0,,
2018-05-14,374.3999938964844,387.0,351.0,370.79998779296875,259.0,,
2018-05-15,360.0,388.79998779296875,336.6000061035156,360.0,912.0,,
2018-05-16,360.0,360.0,342.0,358.20001220703125,171.0,,
2018-05-17,374.3999938964844,378.0,354.6000061035156,365.3999938964844,182.0,,
2018-05-18,365.3999938964844,378.0,358.20001220703125,369.0,177.0,,
2018-05-21,360.0,374.3999938964844,352.79998779296875,360.0,430.0,,
2018-05-22,354.6000061035156,365.3999938964844,343.79998779296875,352.79998779296875,302.0,,
2018-05-23,351.0,360.0,342.0,343.79998779296875,130.0,,
2018-05-24,343.79998779296875,351.0,316.79998779296875,334.79998779296875,321.0,,
2018-05-25,340.20001220703125,343.79998779296875,324.0,340.20001220703125,103.0,,
2018-05-29,351.0,351.0,327.6000061035156,331.20001220703125,92.0,,
2018-05-30,327.6000061035156,360.0,327.6000061035156,345.6000061035156,230.0,,
2018-05-31,343.79998779296875,343.79998779296875,324.0,336.6000061035156,141.0,,
2018-06-01,334.79998779296875,342.0,324.0,333.0,160.0,,
2018-06-04,338.3999938964844,338.3999938964844,324.0,324.0,204.0,,
2018-06-05,324.0,327.6000061035156,324.0,327.6000061035156,191.0,,
2018-06-06,324.0,327.6000061035156,293.3999938964844,318.6000061035156,440.0,,
2018-06-07,327.6000061035156,329.3999938964844,306.0,309.6000061035156,231.0,,
2018-06-08,306.0,313.20001220703125,288.0,293.3999938964844,559.0,,
2018-06-11,306.0,347.3999938964844,293.3999938964844,316.79998779296875,778.0,,
2018-06-12,333.0,333.0,306.0,324.0,171.0,,
2018-06-13,318.6000061035156,387.0,315.0,363.6000061035156,1495.0,,
2018-06-14,367.20001220703125,387.0,360.0,363.6000061035156,299.0,,
2018-06-15,369.0,374.3999938964844,336.6000061035156,365.3999938964844,301.0,,
2018-06-18,360.0,365.3999938964844,345.6000061035156,352.79998779296875,134.0,,
2018-06-19,360.0,360.0,329.3999938964844,334.79998779296875,134.0,,
2018-06-20,342.0,347.3999938964844,324.0,342.0,346.0,,
2018-06-21,342.0,351.0,324.0,324.0,150.0,,
2018-06-22,333.0,351.0,324.0,340.20001220703125,189.0,,
2018-06-25,342.0,351.0,325.79998779296875,334.79998779296875,256.0,,
2018-06-26,334.79998779296875,340.20001220703125,324.0,329.3999938964844,306.0,,
2018-06-27,324.0,329.3999938964844,306.0,318.6000061035156,269.0,,
2018-06-28,320.3999938964844,333.0,306.0,324.0,86.0,,
2018-06-29,315.0,324.0,306.0,306.0,291.0,,
2018-07-02,313.20001220703125,313.20001220703125,300.6000061035156,306.0,88.0,,
2018-07-03,313.20001220703125,316.79998779296875,297.0,313.20001220703125,88.0,,
2018-07-05,313.20001220703125,313.20001220703125,293.3999938964844,297.0,203.0,,
2018-07-06,298.79998779296875,324.0,293.3999938964844,306.0,153.0,,
2018-07-09,297.0,331.20001220703125,297.0,306.0,241.0,,
2018-07-10,324.0,334.79998779296875,302.3999938964844,315.0,223.0,,
2018-07-11,313.20001220703125,334.79998779296875,297.0,302.3999938964844,112.0,,
2018-07-12,315.0,315.0,291.6000061035156,315.0,181.0,,
2018-07-13,291.6000061035156,315.0,291.6000061035156,302.3999938964844,194.0,,
2018-07-16,302.3999938964844,306.0,288.0,288.0,290.0,,
2018-07-17,288.0,304.20001220703125,279.0,288.0,270.0,,
2018-07-18,289.79998779296875,297.0,273.6000061035156,279.0,149.0,,
2018-07-19,288.0,288.0,253.8000030517578,277.20001220703125,302.0,,
2018-07-20,286.20001220703125,288.0,264.6000061035156,288.0,350.0,,
2018-07-23,286.20001220703125,288.0,257.3999938964844,280.79998779296875,106.0,,
2018-07-24,280.79998779296875,284.3999938964844,270.0,277.20001220703125,270.0,,
2018-07-25,270.0,273.6000061035156,262.79998779296875,270.0,228.0,,
2018-07-26,264.6000061035156,270.0,252.0,255.60000610351562,406.0,,
2018-07-27,259.20001220703125,259.20001220703125,250.1999969482422,255.60000610351562,219.0,,
2018-07-30,252.0,252.0,248.39999389648438,252.0,143.0,,
2018-07-31,252.0,252.0,234.0,234.0,159.0,,
2018-08-01,248.39999389648438,264.6000061035156,234.0,255.60000610351562,229.0,,
2018-08-02,261.0,264.6000061035156,248.39999389648438,252.0,135.0,,
2018-08-03,257.3999938964844,264.6000061035156,248.39999389648438,248.39999389648438,121.0,,
2018-08-06,248.39999389648438,286.20001220703125,248.39999389648438,270.0,164.0,,
2018-08-07,286.20001220703125,298.79998779296875,252.0,270.0,175.0,,
2018-08-08,244.8000030517578,270.0,244.8000030517578,261.0,141.0,,
2018-08-09,244.8000030517578,264.6000061035156,244.8000030517578,259.20001220703125,169.0,,
2018-08-10,255.60000610351562,257.3999938964844,244.8000030517578,257.3999938964844,58.0,,
2018-08-13,259.20001220703125,259.20001220703125,248.39999389648438,259.20001220703125,109.0,,
2018-08-14,259.20001220703125,284.3999938964844,217.8000030517578,246.60000610351562,492.0,,
2018-08-15,237.60000610351562,239.39999389648438,217.8000030517578,230.39999389648438,234.0,,
2018-08-16,230.39999389648438,230.39999389648438,219.60000610351562,230.39999389648438,148.0,,
2018-08-17,223.1999969482422,237.60000610351562,216.0,230.39999389648438,259.0,,
2018-08-20,234.0,259.20001220703125,216.0,259.20001220703125,249.0,,
2018-08-21,259.20001220703125,297.0,252.0,284.3999938964844,546.0,,
2018-08-22,288.0,291.6000061035156,261.0,288.0,333.0,,
2018-08-23,279.0,293.3999938964844,271.79998779296875,280.79998779296875,99.0,,
2018-08-24,282.6000061035156,306.0,279.0,300.6000061035156,1076.0,,
2018-08-27,309.6000061035156,324.0,300.6000061035156,304.20001220703125,554.0,,
2018-08-28,302.3999938964844,306.0,288.0,293.3999938964844,123.0,,
2018-08-29,293.3999938964844,315.0,271.79998779296875,306.0,456.0,,
2018-08-30,300.6000061035156,306.0,270.0,288.0,240.0,,
2018-08-31,280.79998779296875,297.0,275.3999938964844,293.3999938964844,259.0,,
2018-09-04,289.79998779296875,300.6000061035156,288.0,288.0,171.0,,
2018-09-05,298.79998779296875,302.3999938964844,288.0,288.0,474.0,,
2018-09-06,297.0,297.0,275.3999938964844,279.0,159.0,,
2018-09-07,288.0,288.0,270.0,286.20001220703125,151.0,,
2018-09-10,270.0,286.20001220703125,270.0,279.0,157.0,,
2018-09-11,262.79998779296875,288.0,262.79998779296875,273.6000061035156,122.0,,
2018-09-12,270.0,275.3999938964844,244.8000030517578,255.60000610351562,263.0,,
2018-09-13,270.0,282.6000061035156,261.0,261.0,339.0,,
2018-09-14,279.0,279.0,234.0,253.8000030517578,310.0,,
2018-09-17,279.0,279.0,243.0,261.0,191.0,,
2018-09-18,270.0,270.0,234.0,252.0,389.0,,
2018-09-19,252.0,261.0,234.0,239.39999389648438,532.0,,
2018-09-20,235.8000030517578,252.0,234.0,252.0,338.0,,
2018-09-21,270.0,279.0,237.60000610351562,271.79998779296875,690.0,,
2018-09-24,262.79998779296875,288.0,262.79998779296875,280.79998779296875,178.0,,
2018-09-25,282.6000061035156,282.6000061035156,252.0,255.60000610351562,301.0,,
2018-09-26,252.0,279.0,252.0,270.0,299.0,,
2018-09-27,270.0,270.0,252.0,262.79998779296875,127.0,,
2018-09-28,239.39999389648438,270.0,239.39999389648438,259.20001220703125,227.0,,
2018-10-01,270.0,275.3999938964844,252.0,271.79998779296875,544.0,,
2018-10-02,264.6000061035156,275.3999938964844,252.0,268.20001220703125,321.0,,
2018-10-03,270.0,271.79998779296875,252.0,262.79998779296875,193.0,,
2018-10-04,252.0,270.0,252.0,261.0,85.0,,
2018-10-05,270.0,270.0,219.60000610351562,248.39999389648438,270.0,,
2018-10-08,270.0,270.0,230.39999389648438,239.39999389648438,301.0,,
2018-10-09,235.8000030517578,252.0,225.0,237.60000610351562,108.0,,
2018-10-10,230.39999389648438,252.0,230.39999389648438,239.39999389648438,135.0,,
2018-10-11,239.39999389648438,268.20001220703125,226.8000030517578,239.39999389648438,110.0,,
2018-10-12,225.0,261.0,225.0,252.0,174.0,,
2018-10-15,270.0,297.0,261.0,289.79998779296875,796.0,,
2018-10-16,291.6000061035156,324.0,262.79998779296875,280.79998779296875,610.0,,
2018-10-17,295.20001220703125,295.20001220703125,261.0,270.0,190.0,,
2018-10-18,268.20001220703125,293.3999938964844,261.0,293.3999938964844,123.0,,
2018-10-19,293.3999938964844,293.3999938964844,243.0,255.60000610351562,330.0,,
2018-10-22,257.3999938964844,257.3999938964844,226.8000030517578,241.1999969482422,405.0,,
2018-10-23,226.8000030517578,234.0,217.8000030517578,225.0,515.0,,
2018-10-24,225.0,234.0,217.8000030517578,217.8000030517578,223.0,,
2018-10-25,217.8000030517578,223.1999969482422,189.0,221.39999389648438,372.0,,
2018-10-26,221.39999389648438,225.0,127.80000305175781,221.39999389648438,600.0,,
2018-10-29,181.8000030517578,221.39999389648438,181.8000030517578,194.39999389648438,449.0,,
2018-10-30,185.39999389648438,198.0,154.8000030517578,183.60000610351562,420.0,,
2018-10-31,198.0,214.1999969482422,90.0,201.60000610351562,183.0,,
2018-11-01,214.1999969482422,225.0,187.1999969482422,207.0,101.0,,
2018-11-02,207.0,207.0,189.0,207.0,55.0,,
2018-11-05,207.0,239.39999389648438,183.60000610351562,219.60000610351562,345.0,,
2018-11-06,225.0,244.8000030517578,199.8000030517578,212.39999389648438,145.0,,
2018-11-07,221.39999389648438,225.0,198.0,225.0,138.0,,
2018-11-08,217.8000030517578,241.1999969482422,198.0,225.0,639.0,,
2018-11-09,225.0,232.1999969482422,207.0,216.0,92.0,,
2018-11-12,212.39999389648438,225.0,207.0,219.60000610351562,158.0,,
2018-11-13,216.0,232.1999969482422,207.0,207.0,205.0,,
2018-11-14,207.0,216.0,180.0,180.0,357.0,,
2018-11-15,180.0,208.8000030517578,180.0,196.1999969482422,132.0,,
2018-11-16,196.1999969482422,198.0,180.0,190.8000030517578,106.0,,
2018-11-19,189.0,207.0,185.39999389648438,185.39999389648438,86.0,,
2018-11-20,180.0,194.39999389648438,162.0,189.0,278.0,,
2018-11-21,165.60000610351562,198.0,165.60000610351562,192.60000610351562,107.0,,
2018-11-23,189.0,189.0,167.39999389648438,189.0,81.0,,
2018-11-26,207.0,207.0,171.0,180.0,133.0,,
2018-11-27,176.39999389648438,189.0,153.0,160.1999969482422,350.0,,
2018-11-28,147.60000610351562,180.0,147.60000610351562,154.8000030517578,199.0,,
2018-11-29,162.0,162.0,127.80000305175781,144.0,623.0,,
2018-11-30,144.0,158.39999389648438,142.1999969482422,151.1999969482422,225.0,,
2018-12-03,144.0,151.1999969482422,144.0,149.39999389648438,329.0,,
2018-12-04,142.1999969482422,153.0,140.39999389648438,151.1999969482422,259.0,,
2018-12-06,144.0,158.39999389648438,144.0,154.8000030517578,238.0,,
2018-12-07,154.8000030517578,171.0,149.39999389648438,149.39999389648438,247.0,,
2018-12-10,151.1999969482422,160.1999969482422,140.39999389648438,153.0,101.0,,
2018-12-11,158.39999389648438,158.39999389648438,127.80000305175781,142.1999969482422,157.0,,
2018-12-12,142.1999969482422,151.1999969482422,135.0,144.0,180.0,,
2018-12-13,136.8000030517578,151.1999969482422,127.80000305175781,140.39999389648438,214.0,,
2018-12-14,129.60000610351562,144.0,129.60000610351562,144.0,191.0,,
2018-12-17,127.80000305175781,162.0,127.80000305175781,129.60000610351562,372.0,,
2018-12-18,127.80000305175781,136.8000030517578,118.80000305175781,126.0,353.0,,
2018-12-19,131.39999389648438,136.8000030517578,109.80000305175781,118.80000305175781,260.0,,
2018-12-20,118.80000305175781,133.1999969482422,108.0,133.1999969482422,404.0,,
2018-12-21,127.80000305175781,142.1999969482422,95.4000015258789,135.0,456.0,,
2018-12-24,120.5999984741211,140.39999389648438,120.5999984741211,140.39999389648438,112.0,,
2018-12-26,136.8000030517578,140.39999389648438,99.0,124.19999694824219,498.0,,
2018-12-27,118.80000305175781,131.39999389648438,115.19999694824219,127.80000305175781,152.0,,
2018-12-28,126.0,126.0,99.0,111.5999984741211,756.0,,
2018-12-31,126.0,180.0,109.80000305175781,133.1999969482422,715.0,,
2019-01-02,135.0,180.0,133.1999969482422,144.0,225.0,,
2019-01-03,142.1999969482422,169.1999969482422,142.1999969482422,167.39999389648438,168.0,,
2019-01-04,167.39999389648438,167.39999389648438,147.60000610351562,160.1999969482422,262.0,,
2019-01-07,158.39999389648438,162.0,142.1999969482422,158.39999389648438,135.0,,
2019-01-08,180.0,180.0,126.0,144.0,269.0,,
2019-01-09,156.60000610351562,178.1999969482422,135.0,136.8000030517578,153.0,,
2019-01-10,158.39999389648438,158.39999389648438,117.0,133.1999969482422,255.0,,
2019-01-11,129.60000610351562,151.1999969482422,129.60000610351562,138.60000610351562,144.0,,
2019-01-14,151.1999969482422,151.1999969482422,135.0,136.8000030517578,213.0,,
2019-01-15,151.1999969482422,151.1999969482422,135.0,135.0,49.0,,
2019-01-16,135.0,147.60000610351562,135.0,138.60000610351562,26.0,,
2019-01-17,147.60000610351562,147.60000610351562,135.0,136.8000030517578,27.0,,
2019-01-18,144.0,144.0,117.0,131.39999389648438,97.0,,
2019-01-22,117.0,129.60000610351562,117.0,120.5999984741211,312.0,,
2019-01-23,124.19999694824219,135.0,111.5999984741211,126.0,151.0,,
2019-01-24,109.80000305175781,153.0,109.80000305175781,138.60000610351562,92.0,,
2019-01-25,165.60000610351562,165.60000610351562,138.60000610351562,151.1999969482422,137.0,,
2019-01-28,127.80000305175781,165.60000610351562,104.4000015258789,131.39999389648438,149.0,,
2019-01-29,122.4000015258789,138.60000610351562,117.0,131.39999389648438,57.0,,
2019-01-30,133.1999969482422,133.1999969482422,122.4000015258789,124.19999694824219,118.0,,
2019-01-31,131.39999389648438,133.1999969482422,118.80000305175781,131.39999389648438,145.0,,
2019-02-01,133.1999969482422,133.1999969482422,118.80000305175781,122.4000015258789,168.0,,
2019-02-04,118.80000305175781,138.60000610351562,108.0,136.8000030517578,445.0,,
2019-02-05,149.39999389648438,149.39999389648438,126.0,135.0,168.0,,
2019-02-06,145.8000030517578,149.39999389648438,131.39999389648438,136.8000030517578,177.0,,
2019-02-07,149.39999389648438,149.39999389648438,126.0,131.39999389648438,181.0,,
2019-02-08,117.0,135.0,117.0,131.39999389648438,100.0,,
2019-02-11,113.4000015258789,135.0,113.4000015258789,133.1999969482422,77.0,,
2019-02-12,122.4000015258789,149.39999389648438,122.4000015258789,136.8000030517578,198.0,,
2019-02-13,131.39999389648438,162.0,124.19999694824219,144.0,289.0,,
2019-02-14,153.0,153.0,144.0,147.60000610351562,123.0,,
2019-02-15,153.0,162.0,127.80000305175781,153.0,147.0,,
2019-02-19,154.8000030517578,162.0,144.0,158.39999389648438,237.0,,
2019-02-20,153.0,162.0,127.80000305175781,147.60000610351562,259.0,,
2019-02-21,135.0,156.60000610351562,135.0,151.1999969482422,82.0,,
2019-02-22,153.0,153.0,126.0,142.1999969482422,111.0,,
2019-02-25,127.80000305175781,144.0,127.80000305175781,136.8000030517578,150.0,,
2019-02-26,135.0,136.8000030517578,127.80000305175781,129.60000610351562,121.0,,
2019-02-27,118.80000305175781,133.1999969482422,118.80000305175781,129.60000610351562,224.0,,
2019-02-28,129.60000610351562,140.39999389648438,118.80000305175781,133.1999969482422,188.0,,
2019-03-01,142.1999969482422,142.1999969482422,122.4000015258789,126.0,345.0,,
2019-03-04,118.80000305175781,135.0,118.80000305175781,127.80000305175781,157.0,,
2019-03-05,127.80000305175781,138.60000610351562,117.0,126.0,148.0,,
2019-03-06,136.8000030517578,136.8000030517578,117.0,122.4000015258789,428.0,,
2019-03-07,124.19999694824219,140.39999389648438,117.0,140.39999389648438,243.0,,
2019-03-08,142.1999969482422,142.1999969482422,117.0,127.80000305175781,269.0,,
2019-03-11,136.8000030517578,138.60000610351562,117.0,126.0,548.0,,
2019-03-12,117.0,131.39999389648438,117.0,122.4000015258789,165.0,,
2019-03-13,124.19999694824219,126.0,117.0,120.5999984741211,196.0,,
2019-03-14,126.0,126.0,117.0,118.80000305175781,176.0,,
2019-03-15,118.80000305175781,126.0,117.0,118.80000305175781,138.0,,
2019-03-18,126.0,126.0,117.0,124.19999694824219,143.0,,
2019-03-19,124.19999694824219,126.0,108.0,117.0,179.0,,
2019-03-20,117.0,117.0,106.19999694824219,109.80000305175781,635.0,,
2019-03-21,113.4000015258789,113.4000015258789,104.4000015258789,108.0,248.0,,
2019-03-22,108.0,111.5999984741211,104.4000015258789,108.0,199.0,,
2019-03-25,106.19999694824219,108.0,100.80000305175781,104.4000015258789,147.0,,
2019-03-26,108.0,111.5999984741211,99.0,108.0,208.0,,
2019-03-27,102.5999984741211,117.0,100.80000305175781,117.0,161.0,,
2019-03-28,109.80000305175781,117.0,102.5999984741211,117.0,210.0,,
2019-03-29,118.80000305175781,118.80000305175781,102.5999984741211,109.80000305175781,108.0,,
2019-04-01,118.80000305175781,118.80000305175781,99.0,108.0,205.0,,
2019-04-02,108.0,108.0,99.0,104.4000015258789,322.0,,
2019-04-03,106.19999694824219,140.39999389648438,99.0,124.19999694824219,3007.0,,
2019-04-04,124.19999694824219,124.19999694824219,108.0,109.80000305175781,1179.0,,
2019-04-05,109.80000305175781,117.0,106.19999694824219,113.4000015258789,491.0,,
2019-04-08,118.80000305175781,118.80000305175781,106.19999694824219,106.19999694824219,391.0,,
2019-04-09,120.5999984741211,126.0,108.0,118.80000305175781,1203.0,,
2019-04-10,120.5999984741211,120.5999984741211,108.0,113.4000015258789,319.0,,
2019-04-11,118.80000305175781,118.80000305175781,104.4000015258789,104.4000015258789,497.0,,
2019-04-12,102.5999984741211,108.0,100.80000305175781,102.5999984741211,193.0,,
2019-04-15,106.19999694824219,111.5999984741211,100.80000305175781,102.5999984741211,318.0,,
2019-04-16,99.0,117.0,99.0,106.19999694824219,290.0,,
2019-04-17,99.0,106.19999694824219,99.0,100.80000305175781,198.0,,
2019-04-18,99.0,106.19999694824219,99.0,104.4000015258789,437.0,,
2019-04-22,108.0,108.0,99.0,102.5999984741211,368.0,,
2019-04-23,104.4000015258789,104.4000015258789,99.0,100.80000305175781,204.0,,
2019-04-24,100.80000305175781,100.80000305175781,99.0,100.80000305175781,295.0,,
2019-04-25,100.80000305175781,100.80000305175781,100.80000305175781,100.80000305175781,106.0,,
2019-04-26,100.80000305175781,102.5999984741211,100.80000305175781,100.80000305175781,110.0,,
2019-04-29,100.80000305175781,102.5999984741211,99.0,99.0,353.0,,
2019-04-30,93.5999984741211,102.5999984741211,93.5999984741211,97.19999694824219,435.0,,
2019-05-01,97.19999694824219,99.0,95.4000015258789,97.19999694824219,116.0,,
2019-05-02,95.4000015258789,99.0,90.0,90.0,552.0,,
2019-05-03,90.0,102.5999984741211,86.4000015258789,90.0,706.0,,
2019-05-06,93.5999984741211,93.5999984741211,86.4000015258789,90.0,86.0,,
2019-05-07,91.80000305175781,91.80000305175781,90.0,90.0,119.0,,
2019-05-08,90.0,99.0,90.0,99.0,275.0,,
2019-05-09,100.80000305175781,100.80000305175781,90.0,91.80000305175781,255.0,,
2019-05-10,91.80000305175781,95.4000015258789,90.0,93.5999984741211,61.0,,
2019-05-13,90.0,97.19999694824219,90.0,91.80000305175781,169.0,,
2019-05-14,91.80000305175781,95.4000015258789,81.0,88.19999694824219,331.0,,
2019-05-15,90.0,90.0,77.4000015258789,84.5999984741211,432.0,,
2019-05-16,86.4000015258789,86.4000015258789,75.5999984741211,77.4000015258789,343.0,,
2019-05-17,79.19999694824219,79.19999694824219,72.0,75.5999984741211,355.0,,
2019-05-20,72.0,102.5999984741211,72.0,88.19999694824219,544.0,,
2019-05-21,86.4000015258789,86.4000015258789,75.5999984741211,81.0,210.0,,
2019-05-22,81.0,81.0,75.5999984741211,79.19999694824219,311.0,,
2019-05-23,79.19999694824219,81.0,79.19999694824219,81.0,97.0,,
2019-05-24,79.19999694824219,90.0,79.19999694824219,86.4000015258789,221.0,,
2019-05-28,86.4000015258789,90.0,81.0,81.0,115.0,,
2019-05-29,81.0,90.0,81.0,86.4000015258789,195.0,,
2019-05-30,82.80000305175781,91.80000305175781,81.0,90.0,167.0,,
2019-05-31,88.19999694824219,90.0,82.80000305175781,82.80000305175781,106.0,,
2019-06-03,91.80000305175781,91.80000305175781,82.80000305175781,91.80000305175781,173.0,,
2019-06-04,91.80000305175781,95.4000015258789,84.5999984741211,93.5999984741211,124.0,,
2019-06-05,91.80000305175781,95.4000015258789,81.0,90.0,334.0,,
2019-06-06,90.0,93.5999984741211,79.19999694824219,81.0,118.0,,
2019-06-07,84.5999984741211,90.0,75.5999984741211,82.80000305175781,126.0,,
2019-06-10,82.80000305175781,84.5999984741211,75.5999984741211,77.4000015258789,73.0,,
2019-06-11,84.5999984741211,84.5999984741211,75.5999984741211,77.4000015258789,161.0,,
2019-06-12,77.4000015258789,79.19999694824219,75.5999984741211,77.4000015258789,33.0,,
2019-06-13,75.5999984741211,77.4000015258789,72.0,73.80000305175781,349.0,,
2019-06-14,72.0,86.4000015258789,72.0,84.5999984741211,202.0,,
2019-06-17,86.4000015258789,86.4000015258789,79.19999694824219,82.80000305175781,96.0,,
2019-06-18,75.5999984741211,86.4000015258789,75.5999984741211,82.80000305175781,108.0,,
2019-06-19,82.80000305175781,82.80000305175781,79.19999694824219,79.19999694824219,50.0,,
2019-06-20,82.80000305175781,82.80000305175781,77.4000015258789,77.4000015258789,99.0,,
2019-06-21,75.5999984741211,77.4000015258789,72.0,73.80000305175781,56.0,,
2019-06-24,73.80000305175781,79.19999694824219,70.19999694824219,70.19999694824219,307.0,,
2019-06-25,70.19999694824219,72.0,66.5999984741211,72.0,103.0,,
2019-06-26,64.80000305175781,72.0,63.0,68.4000015258789,120.0,,
2019-06-27,70.19999694824219,70.19999694824219,64.80000305175781,66.5999984741211,136.0,,
2019-06-28,68.4000015258789,70.19999694824219,63.0,70.19999694824219,256.0,,
2019-07-01,68.4000015258789,70.19999694824219,64.80000305175781,64.80000305175781,155.0,,
2019-07-02,64.80000305175781,70.19999694824219,63.0,68.4000015258789,171.0,,
2019-07-03,63.0,68.4000015258789,63.0,64.80000305175781,72.0,,
2019-07-05,63.0,68.4000015258789,63.0,64.80000305175781,50.0,,
2019-07-08,63.0,66.5999984741211,37.79999923706055,52.20000076293945,544.0,,
2019-07-09,52.20000076293945,61.20000076293945,48.599998474121094,57.599998474121094,1329.0,,
2019-07-10,59.400001525878906,61.20000076293945,52.20000076293945,61.20000076293945,375.0,,
2019-07-11,54.0,55.79999923706055,52.20000076293945,54.0,163.0,,
2019-07-12,54.0,54.0,48.599998474121094,54.0,231.0,,
2019-07-15,50.400001525878906,54.0,46.79999923706055,50.400001525878906,328.0,,
2019-07-16,46.79999923706055,50.400001525878906,45.0,48.599998474121094,268.0,,
2019-07-17,45.0,52.20000076293945,43.20000076293945,43.20000076293945,559.0,,
2019-07-18,43.20000076293945,48.599998474121094,43.20000076293945,45.0,68.0,,
2019-07-19,46.79999923706055,50.400001525878906,45.0,45.0,254.0,,
2019-07-22,50.400001525878906,55.79999923706055,45.0,46.79999923706055,433.0,,
2019-07-23,54.0,54.0,46.79999923706055,48.599998474121094,264.0,,
2019-07-24,48.599998474121094,48.599998474121094,41.400001525878906,41.400001525878906,510.0,,
2019-07-25,43.20000076293945,45.0,37.79999923706055,45.0,121.0,,
2019-07-26,41.400001525878906,45.0,41.400001525878906,43.20000076293945,81.0,,
2019-07-29,43.20000076293945,45.0,43.20000076293945,45.0,170.0,,
2019-07-30,43.20000076293945,54.0,39.599998474121094,50.400001525878906,238.0,,
2019-07-31,45.0,63.0,45.0,50.400001525878906,215.0,,
2019-08-01,45.0,57.599998474121094,43.20000076293945,54.0,126.0,,
2019-08-02,48.599998474121094,54.0,48.599998474121094,54.0,69.0,,
2019-08-05,43.20000076293945,59.400001525878906,43.20000076293945,59.400001525878906,170.0,,
2019-08-06,59.400001525878906,63.0,55.79999923706055,63.0,94.0,,
2019-08-07,64.80000305175781,64.80000305175781,54.0,55.79999923706055,68.0,,
2019-08-08,61.20000076293945,108.0,61.20000076293945,100.80000305175781,2251.0,,
2019-08-09,115.19999694824219,153.0,108.0,145.8000030517578,3286.0,,
2019-08-12,162.0,192.60000610351562,156.60000610351562,167.39999389648438,1579.0,,
2019-08-13,178.1999969482422,178.1999969482422,122.4000015258789,138.60000610351562,1167.0,,
2019-08-14,149.39999389648438,160.1999969482422,117.0,133.1999969482422,485.0,,
2019-08-15,122.4000015258789,126.0,104.4000015258789,117.0,429.0,,
2019-08-16,117.0,117.0,117.0,117.0,0.0,,
2019-08-19,162.0,162.0,135.0,160.1999969482422,304.0,,
2019-08-20,156.60000610351562,171.0,144.0,162.0,463.0,,
2019-08-21,162.0,171.0,153.0,153.0,105.0,,
2019-08-22,162.0,162.0,136.8000030517578,147.60000610351562,301.0,,
2019-08-23,145.8000030517578,234.0,145.8000030517578,214.1999969482422,3858.0,,
2019-08-26,210.60000610351562,226.8000030517578,189.0,194.39999389648438,1323.0,,
2019-08-27,196.1999969482422,219.60000610351562,172.8000030517578,185.39999389648438,1135.0,,
2019-08-28,185.39999389648438,198.0,171.0,198.0,379.0,,
2019-08-29,198.0,198.0,149.39999389648438,162.0,598.0,,
2019-08-30,162.0,171.0,144.0,160.1999969482422,435.0,,
2019-09-03,147.60000610351562,163.8000030517578,131.39999389648438,153.0,309.0,,
2019-09-04,133.1999969482422,154.8000030517578,133.1999969482422,147.60000610351562,174.0,,
2019-09-05,147.60000610351562,147.60000610351562,135.0,144.0,231.0,,
2019-09-06,147.60000610351562,176.39999389648438,140.39999389648438,176.39999389648438,304.0,,
2019-09-09,140.39999389648438,178.1999969482422,140.39999389648438,158.39999389648438,325.0,,
2019-09-10,151.1999969482422,165.60000610351562,151.1999969482422,165.60000610351562,143.0,,
2019-09-11,167.39999389648438,171.0,151.1999969482422,171.0,291.0,,
2019-09-12,171.0,171.0,149.39999389648438,151.1999969482422,177.0,,
2019-09-13,153.0,167.39999389648438,151.1999969482422,158.39999389648438,202.0,,
2019-09-16,142.1999969482422,162.0,142.1999969482422,149.39999389648438,256.0,,
2019-09-17,151.1999969482422,156.60000610351562,144.0,153.0,117.0,,
2019-09-18,158.39999389648438,162.0,145.8000030517578,160.1999969482422,117.0,,
2019-09-19,151.1999969482422,174.60000610351562,151.1999969482422,163.8000030517578,392.0,,
2019-09-20,160.1999969482422,171.0,158.39999389648438,158.39999389648438,249.0,,
2019-09-23,135.0,180.0,135.0,169.1999969482422,131.0,,
2019-09-24,162.0,176.39999389648438,156.60000610351562,169.1999969482422,102.0,,
2019-09-25,162.0,171.0,135.0,163.8000030517578,222.0,,
2019-09-26,153.0,171.0,153.0,153.0,158.0,,
2019-09-27,147.60000610351562,169.1999969482422,147.60000610351562,153.0,169.0,,
2019-09-30,153.0,153.0,142.1999969482422,147.60000610351562,276.0,,
2019-10-01,140.39999389648438,144.0,133.1999969482422,136.8000030517578,163.0,,
2019-10-02,138.60000610351562,142.1999969482422,129.60000610351562,142.1999969482422,146.0,,
2019-10-03,144.0,144.0,126.0,129.60000610351562,171.0,,
2019-10-04,126.0,135.0,117.0,127.80000305175781,249.0,,
2019-10-07,144.0,144.0,126.0,126.0,198.0,,
2019-10-08,126.0,127.80000305175781,117.0,126.0,170.0,,
2019-10-09,122.4000015258789,131.39999389648438,122.4000015258789,129.60000610351562,81.0,,
2019-10-10,126.0,126.0,117.0,118.80000305175781,277.0,,
2019-10-11,126.0,126.0,122.4000015258789,126.0,9.0,,
2019-10-14,144.0,162.0,126.0,138.60000610351562,55.0,,
2019-10-15,138.60000610351562,138.60000610351562,126.0,126.0,119.0,,
2019-10-16,126.0,135.0,117.0,126.0,56.0,,
2019-10-17,120.5999984741211,135.0,120.5999984741211,135.0,48.0,,
2019-10-18,126.0,158.39999389648438,120.5999984741211,144.0,56.0,,
2019-10-21,149.39999389648438,149.39999389648438,135.0,135.0,143.0,,
2019-10-22,135.0,144.0,133.1999969482422,135.0,60.0,,
2019-10-23,147.60000610351562,147.60000610351562,127.80000305175781,135.0,65.0,,
2019-10-24,135.0,144.0,127.80000305175781,127.80000305175781,124.0,,
2019-10-25,133.1999969482422,135.0,122.4000015258789,135.0,115.0,,
2019-10-28,140.39999389648438,140.39999389648438,124.19999694824219,126.0,61.0,,
2019-10-29,133.1999969482422,140.39999389648438,124.19999694824219,138.60000610351562,208.0,,
2019-10-30,136.8000030517578,144.0,131.39999389648438,140.39999389648438,65.0,,
2019-10-31,142.1999969482422,142.1999969482422,131.39999389648438,133.1999969482422,64.0,,
2019-11-01,122.4000015258789,140.39999389648438,122.4000015258789,140.39999389648438,118.0,,
2019-11-04,118.80000305175781,136.8000030517578,118.80000305175781,124.19999694824219,106.0,,
2019-11-05,118.80000305175781,140.39999389648438,118.80000305175781,135.0,149.0,,
2019-11-06,124.19999694824219,142.1999969482422,124.19999694824219,135.0,229.0,,
2019-11-07,135.0,135.0,126.0,126.0,86.0,,
2019-11-08,129.60000610351562,131.39999389648438,126.0,127.80000305175781,78.0,,
2019-11-11,120.5999984741211,129.60000610351562,118.80000305175781,129.60000610351562,179.0,,
2019-11-12,129.60000610351562,129.60000610351562,124.19999694824219,126.0,162.0,,
2019-11-13,118.80000305175781,232.1999969482422,118.80000305175781,165.60000610351562,4298.0,,
2019-11-14,167.39999389648438,190.8000030517578,151.1999969482422,178.1999969482422,931.0,,
2019-11-15,189.0,189.0,156.60000610351562,160.1999969482422,573.0,,
2019-11-18,167.39999389648438,167.39999389648438,138.60000610351562,145.8000030517578,380.0,,
2019-11-19,126.0,156.60000610351562,126.0,135.0,269.0,,
2019-11-20,126.0,142.1999969482422,126.0,135.0,310.0,,
2019-11-21,135.0,135.0,113.4000015258789,135.0,1052.0,,
2019-11-22,135.0,135.0,122.4000015258789,129.60000610351562,150.0,,
2019-11-25,126.0,135.0,115.19999694824219,124.19999694824219,341.0,,
2019-11-26,118.80000305175781,131.39999389648438,113.4000015258789,118.80000305175781,180.0,,
2019-11-27,117.0,135.0,117.0,129.60000610351562,63.0,,
2019-11-29,127.80000305175781,135.0,120.5999984741211,126.0,135.0,,
2019-12-02,122.4000015258789,135.0,122.4000015258789,133.1999969482422,204.0,,
2019-12-03,145.8000030517578,162.0,126.0,160.1999969482422,588.0,,
2019-12-04,140.39999389648438,156.60000610351562,136.8000030517578,153.0,179.0,,
2019-12-05,153.0,162.0,142.1999969482422,162.0,197.0,,
2019-12-06,162.0,176.39999389648438,145.8000030517578,165.60000610351562,302.0,,
2019-12-09,145.8000030517578,165.60000610351562,145.8000030517578,151.1999969482422,153.0,,
2019-12-10,147.60000610351562,165.60000610351562,145.8000030517578,165.60000610351562,78.0,,
2019-12-11,163.8000030517578,165.60000610351562,147.60000610351562,153.0,60.0,,
2019-12-12,163.8000030517578,163.8000030517578,149.39999389648438,151.1999969482422,106.0,,
2019-12-13,147.60000610351562,160.1999969482422,145.8000030517578,147.60000610351562,71.0,,
2019-12-16,140.39999389648438,156.60000610351562,136.8000030517578,147.60000610351562,129.0,,
2019-12-17,140.39999389648438,151.1999969482422,135.0,135.0,285.0,,
2019-12-18,122.4000015258789,135.0,122.4000015258789,126.0,706.0,,
2019-12-19,129.60000610351562,135.0,126.0,135.0,152.0,,
2019-12-20,126.0,142.1999969482422,126.0,129.60000610351562,136.0,,
2019-12-23,126.0,140.39999389648438,126.0,136.8000030517578,200.0,,
2019-12-24,129.60000610351562,133.1999969482422,126.0,131.39999389648438,94.0,,
2019-12-26,126.0,135.0,126.0,126.0,135.0,,
2019-12-27,126.0,133.1999969482422,120.5999984741211,122.4000015258789,162.0,,
2019-12-30,118.80000305175781,131.39999389648438,118.80000305175781,124.19999694824219,223.0,,
2019-12-31,126.0,126.0,117.0,126.0,263.0,,
2020-01-02,153.0,153.0,122.4000015258789,135.0,179.0,,
2020-01-03,135.0,144.0,127.80000305175781,127.80000305175781,68.0,,
2020-01-06,129.60000610351562,145.8000030517578,126.0,135.0,109.0,,
2020-01-07,117.0,144.0,117.0,126.0,79.0,,
2020-01-08,126.0,144.0,126.0,126.0,136.0,,
2020-01-09,126.0,144.0,126.0,138.60000610351562,120.0,,
2020-01-10,135.0,135.0,120.5999984741211,120.5999984741211,188.0,,
2020-01-13,115.19999694824219,131.39999389648438,115.19999694824219,131.39999389648438,148.0,,
2020-01-14,118.80000305175781,129.60000610351562,118.80000305175781,129.60000610351562,67.0,,
2020-01-15,144.0,144.0,117.0,122.4000015258789,114.0,,
2020-01-16,115.19999694824219,129.60000610351562,115.19999694824219,126.0,200.0,,
2020-01-17,113.4000015258789,126.0,111.5999984741211,124.19999694824219,941.0,,
2020-01-21,117.0,126.0,117.0,120.5999984741211,188.0,,
2020-01-22,120.5999984741211,126.0,117.0,126.0,82.0,,
2020-01-23,126.0,126.0,118.80000305175781,122.4000015258789,133.0,,
2020-01-24,126.0,126.0,117.0,117.0,179.0,,
2020-01-27,117.0,126.0,115.19999694824219,117.0,196.0,,
2020-01-28,117.0,126.0,117.0,118.80000305175781,60.0,,
2020-01-29,117.0,124.19999694824219,117.0,122.4000015258789,40.0,,
2020-01-30,124.19999694824219,124.19999694824219,118.80000305175781,124.19999694824219,185.0,,
2020-01-31,117.0,126.0,117.0,122.4000015258789,202.0,,
2020-02-03,117.0,124.19999694824219,113.4000015258789,117.0,84.0,,
2020-02-04,113.4000015258789,118.80000305175781,109.80000305175781,109.80000305175781,147.0,,
2020-02-05,108.0,113.4000015258789,108.0,111.5999984741211,249.0,,
2020-02-06,93.5999984741211,113.4000015258789,93.5999984741211,111.5999984741211,138.0,,
2020-02-07,108.0,113.4000015258789,95.4000015258789,108.0,256.0,,
2020-02-10,100.80000305175781,124.19999694824219,100.80000305175781,120.5999984741211,220.0,,
2020-02-11,124.19999694824219,144.0,113.4000015258789,126.0,794.0,,
2020-02-12,126.0,135.0,126.0,127.80000305175781,162.0,,
2020-02-13,127.80000305175781,140.39999389648438,124.19999694824219,140.39999389648438,49.0,,
2020-02-14,140.39999389648438,140.39999389648438,126.0,127.80000305175781,146.0,,
2020-02-18,126.0,135.0,126.0,127.80000305175781,101.0,,
2020-02-19,126.0,133.1999969482422,124.19999694824219,127.80000305175781,108.0,,
2020-02-20,124.19999694824219,131.39999389648438,124.19999694824219,126.0,67.0,,
2020-02-21,124.19999694824219,126.0,117.0,124.19999694824219,36.0,,
2020-02-24,117.0,129.60000610351562,111.5999984741211,117.0,126.0,,
2020-02-25,111.5999984741211,126.0,111.5999984741211,118.80000305175781,181.0,,
2020-02-26,118.80000305175781,124.19999694824219,90.0,122.4000015258789,463.0,,
2020-02-27,109.80000305175781,117.0,97.19999694824219,104.4000015258789,202.0,,
2020-02-28,106.19999694824219,108.0,90.0,91.80000305175781,664.0,,
2020-03-02,90.0,108.0,90.0,97.19999694824219,179.0,,
2020-03-03,90.0,106.19999694824219,90.0,102.5999984741211,85.0,,
2020-03-04,108.0,111.5999984741211,95.4000015258789,104.4000015258789,76.0,,
2020-03-05,111.5999984741211,111.5999984741211,91.80000305175781,106.19999694824219,112.0,,
2020-03-06,91.80000305175781,104.4000015258789,91.80000305175781,97.19999694824219,174.0,,
2020-03-09,91.80000305175781,93.5999984741211,81.0,88.19999694824219,296.0,,
2020-03-10,93.5999984741211,93.5999984741211,79.19999694824219,88.19999694824219,342.0,,
2020-03-11,93.5999984741211,99.0,90.0,90.0,155.0,,
2020-03-12,90.0,91.80000305175781,73.80000305175781,77.4000015258789,278.0,,
2020-03-13,73.80000305175781,84.5999984741211,63.0,64.80000305175781,972.0,,
2020-03-16,57.599998474121094,66.5999984741211,57.599998474121094,66.5999984741211,371.0,,
2020-03-17,61.20000076293945,81.0,61.20000076293945,81.0,363.0,,
2020-03-18,81.0,95.4000015258789,72.0,81.0,301.0,,
2020-03-19,81.0,95.4000015258789,81.0,82.80000305175781,139.0,,
2020-03-20,90.0,90.0,81.0,90.0,229.0,,
2020-03-23,79.19999694824219,90.0,63.0,79.19999694824219,750.0,,
2020-03-24,72.0,75.5999984741211,59.400001525878906,72.0,785.0,,
2020-03-25,59.400001525878906,75.5999984741211,59.400001525878906,70.19999694824219,317.0,,
2020-03-26,68.4000015258789,79.19999694824219,66.5999984741211,79.19999694824219,342.0,,
2020-03-27,66.5999984741211,72.0,48.599998474121094,63.0,1050.0,,
2020-03-30,57.599998474121094,61.20000076293945,54.0,59.400001525878906,774.0,,
2020-03-31,57.599998474121094,61.20000076293945,54.0,57.599998474121094,172.0,,
2020-04-01,57.599998474121094,59.400001525878906,45.0,54.0,763.0,,
2020-04-02,54.0,54.0,37.79999923706055,43.20000076293945,835.0,,
2020-04-03,41.400001525878906,52.20000076293945,41.400001525878906,52.20000076293945,344.0,,
2020-04-06,45.0,55.79999923706055,45.0,55.79999923706055,179.0,,
2020-04-07,61.20000076293945,63.0,54.0,59.400001525878906,67.0,,
2020-04-08,63.0,63.0,55.79999923706055,63.0,120.0,,
2020-04-09,59.400001525878906,63.0,54.0,63.0,101.0,,
2020-04-13,54.0,63.0,54.0,63.0,55.0,,
2020-04-14,54.0,66.5999984741211,54.0,63.0,149.0,,
2020-04-15,59.400001525878906,64.80000305175781,54.0,63.0,58.0,,
2020-04-16,54.0,63.0,54.0,63.0,169.0,,
2020-04-17,55.79999923706055,63.0,54.0,59.400001525878906,72.0,,
2020-04-20,63.0,63.0,54.0,63.0,174.0,,
2020-04-21,64.80000305175781,64.80000305175781,54.0,63.0,209.0,,
2020-04-22,55.79999923706055,61.20000076293945,55.79999923706055,59.400001525878906,163.0,,
2020-04-23,57.599998474121094,64.80000305175781,55.79999923706055,63.0,125.0,,
2020-04-24,55.79999923706055,64.80000305175781,54.0,57.599998474121094,272.0,,
2020-04-27,55.79999923706055,63.0,54.0,55.79999923706055,130.0,,
2020-04-28,55.79999923706055,63.0,55.79999923706055,61.20000076293945,161.0,,
2020-04-29,57.599998474121094,63.0,57.599998474121094,61.20000076293945,103.0,,
2020-04-30,57.599998474121094,63.0,57.599998474121094,63.0,112.0,,
2020-05-01,61.20000076293945,63.0,61.20000076293945,63.0,152.0,,
2020-05-04,63.0,68.4000015258789,63.0,68.4000015258789,152.0,,
2020-05-05,68.4000015258789,68.4000015258789,64.80000305175781,66.5999984741211,53.0,,
2020-05-06,64.80000305175781,68.4000015258789,64.80000305175781,66.5999984741211,122.0,,
2020-05-07,66.5999984741211,68.4000015258789,66.5999984741211,68.4000015258789,30.0,,
2020-05-08,68.4000015258789,77.4000015258789,68.4000015258789,70.19999694824219,176.0,,
2020-05-11,70.19999694824219,70.19999694824219,68.4000015258789,68.4000015258789,45.0,,
2020-05-12,70.19999694824219,70.19999694824219,68.4000015258789,68.4000015258789,129.0,,
2020-05-13,68.4000015258789,68.4000015258789,55.79999923706055,61.20000076293945,359.0,,
2020-05-14,61.20000076293945,61.20000076293945,52.20000076293945,54.0,332.0,,
2020-05-15,54.0,61.20000076293945,54.0,61.20000076293945,197.0,,
2020-05-18,48.599998474121094,61.20000076293945,48.599998474121094,57.599998474121094,125.0,,
2020-05-19,61.20000076293945,61.20000076293945,54.0,61.20000076293945,184.0,,
2020-05-20,46.79999923706055,61.20000076293945,46.79999923706055,61.20000076293945,141.0,,
2020-05-21,61.20000076293945,61.20000076293945,54.0,61.20000076293945,81.0,,
2020-05-22,55.79999923706055,61.20000076293945,55.79999923706055,61.20000076293945,50.0,,
2020-05-26,59.400001525878906,61.20000076293945,54.0,55.79999923706055,302.0,,
2020-05-27,59.400001525878906,59.400001525878906,54.0,59.400001525878906,141.0,,
2020-05-28,59.400001525878906,61.20000076293945,54.0,61.20000076293945,55.0,,
2020-05-29,61.20000076293945,61.20000076293945,54.0,59.400001525878906,113.0,,
2020-06-01,61.20000076293945,61.20000076293945,50.400001525878906,61.20000076293945,128.0,,
2020-06-02,61.20000076293945,61.20000076293945,50.400001525878906,57.599998474121094,28.0,,
2020-06-03,52.20000076293945,59.400001525878906,52.20000076293945,55.79999923706055,98.0,,
2020-06-04,55.79999923706055,55.79999923706055,52.20000076293945,54.0,70.0,,
2020-06-05,52.20000076293945,55.79999923706055,48.599998474121094,54.0,575.0,,
2020-06-08,52.20000076293945,54.0,52.20000076293945,54.0,110.0,,
2020-06-09,55.79999923706055,59.400001525878906,48.599998474121094,55.79999923706055,487.0,,
2020-06-10,54.0,59.400001525878906,54.0,59.400001525878906,104.0,,
2020-06-11,59.400001525878906,59.400001525878906,50.400001525878906,57.599998474121094,334.0,,
2020-06-12,59.400001525878906,59.400001525878906,50.400001525878906,57.599998474121094,228.0,,
2020-06-15,59.400001525878906,59.400001525878906,48.599998474121094,54.0,70.0,,
2020-06-16,54.0,55.79999923706055,52.20000076293945,54.0,24.0,,
2020-06-17,54.0,59.400001525878906,52.20000076293945,59.400001525878906,78.0,,
2020-06-18,59.400001525878906,59.400001525878906,54.0,55.79999923706055,45.0,,
2020-06-19,54.0,59.400001525878906,54.0,57.599998474121094,50.0,,
2020-06-22,54.0,59.400001525878906,54.0,57.599998474121094,45.0,,
2020-06-23,55.79999923706055,59.400001525878906,48.599998474121094,52.20000076293945,339.0,,
2020-06-24,50.400001525878906,55.79999923706055,50.400001525878906,54.0,160.0,,
2020-06-25,57.599998474121094,57.599998474121094,48.599998474121094,52.20000076293945,497.0,,
2020-06-26,48.599998474121094,50.400001525878906,46.79999923706055,48.599998474121094,208.0,,
2020-06-29,57.599998474121094,57.599998474121094,48.599998474121094,48.599998474121094,111.0,,
2020-06-30,46.79999923706055,54.0,46.79999923706055,54.0,60.0,,
2020-07-01,54.0,54.0,50.400001525878906,50.400001525878906,104.0,,
2020-07-02,50.400001525878906,54.0,50.400001525878906,50.400001525878906,51.0,,
2020-07-06,50.400001525878906,50.400001525878906,48.599998474121094,50.400001525878906,47.0,,
2020-07-07,48.599998474121094,55.79999923706055,48.599998474121094,54.0,63.0,,
2020-07-08,57.599998474121094,57.599998474121094,50.400001525878906,52.20000076293945,139.0,,
2020-07-09,54.0,54.0,50.400001525878906,50.400001525878906,122.0,,
2020-07-10,50.400001525878906,54.0,48.599998474121094,50.400001525878906,201.0,,
2020-07-13,52.20000076293945,54.0,48.599998474121094,54.0,163.0,,
2020-07-14,46.79999923706055,54.0,46.79999923706055,52.20000076293945,104.0,,
2020-07-15,50.400001525878906,52.20000076293945,46.79999923706055,50.400001525878906,305.0,,
2020-07-16,48.599998474121094,50.400001525878906,45.0,48.599998474121094,203.0,,
2020-07-17,41.400001525878906,48.599998474121094,41.400001525878906,48.599998474121094,299.0,,
2020-07-20,39.599998474121094,50.400001525878906,39.599998474121094,50.400001525878906,104.0,,
2020-07-21,48.599998474121094,54.0,45.0,46.79999923706055,168.0,,
2020-07-22,46.79999923706055,52.20000076293945,46.79999923706055,48.599998474121094,81.0,,
2020-07-23,46.79999923706055,54.0,46.79999923706055,52.20000076293945,122.0,,
2020-07-24,48.599998474121094,54.0,45.0,50.400001525878906,109.0,,
2020-07-27,46.79999923706055,54.0,46.79999923706055,50.400001525878906,85.0,,
2020-07-28,52.20000076293945,52.20000076293945,46.79999923706055,52.20000076293945,38.0,,
2020-07-29,46.79999923706055,52.20000076293945,46.79999923706055,48.599998474121094,168.0,,
2020-07-30,46.79999923706055,48.599998474121094,46.79999923706055,46.79999923706055,211.0,,
2020-07-31,46.79999923706055,50.400001525878906,45.0,48.599998474121094,68.0,,
2020-08-03,46.79999923706055,48.599998474121094,45.0,46.79999923706055,145.0,,
2020-08-04,45.0,46.79999923706055,45.0,46.79999923706055,181.0,,
2020-08-05,48.599998474121094,50.400001525878906,45.0,46.79999923706055,136.0,,
2020-08-06,61.20000076293945,99.0,54.0,75.5999984741211,2949.0,,
2020-08-07,86.4000015258789,86.4000015258789,72.0,81.0,546.0,,
2020-08-10,64.80000305175781,93.5999984741211,64.80000305175781,84.5999984741211,332.0,,
2020-08-11,84.5999984741211,84.5999984741211,46.79999923706055,57.599998474121094,3437.0,,
2020-08-12,54.0,57.599998474121094,52.20000076293945,54.0,288.0,,
2020-08-13,54.0,63.0,50.400001525878906,55.79999923706055,271.0,,
2020-08-14,55.79999923706055,57.599998474121094,48.599998474121094,50.400001525878906,429.0,,
2020-08-17,54.0,54.0,48.599998474121094,48.599998474121094,364.0,,
2020-08-18,46.79999923706055,54.0,45.0,48.599998474121094,1148.0,,
2020-08-19,45.0,54.0,45.0,52.20000076293945,686.0,,
2020-08-20,54.0,54.0,48.599998474121094,50.400001525878906,111.0,,
2020-08-21,48.599998474121094,50.400001525878906,39.599998474121094,46.79999923706055,474.0,,
2020-08-24,48.599998474121094,50.400001525878906,46.79999923706055,50.400001525878906,179.0,,
2020-08-25,48.599998474121094,50.400001525878906,46.79999923706055,50.400001525878906,278.0,,
2020-08-26,46.79999923706055,50.400001525878906,45.0,46.79999923706055,124.0,,
2020-08-27,45.0,50.400001525878906,45.0,48.599998474121094,115.0,,
2020-08-28,50.400001525878906,50.400001525878906,45.0,48.599998474121094,273.0,,
2020-08-31,48.599998474121094,48.599998474121094,45.0,45.0,307.0,,
2020-09-01,45.0,48.599998474121094,45.0,46.79999923706055,172.0,,
2020-09-02,46.79999923706055,48.599998474121094,45.0,45.0,159.0,,
2020-09-03,46.79999923706055,46.79999923706055,43.20000076293945,45.0,642.0,,
2020-09-04,43.20000076293945,46.79999923706055,43.20000076293945,45.0,295.0,,
2020-09-08,41.400001525878906,45.0,41.400001525878906,45.0,206.0,,
2020-09-09,46.79999923706055,46.79999923706055,41.400001525878906,43.20000076293945,226.0,,
2020-09-10,41.400001525878906,45.0,41.400001525878906,45.0,167.0,,
2020-09-11,45.0,45.0,39.599998474121094,41.400001525878906,228.0,,
2020-09-14,41.400001525878906,46.79999923706055,41.400001525878906,43.20000076293945,29.0,,
2020-09-15,41.400001525878906,46.79999923706055,41.400001525878906,45.0,216.0,,
2020-09-16,41.400001525878906,45.0,41.400001525878906,43.20000076293945,113.0,,
2020-09-17,41.400001525878906,45.0,41.400001525878906,41.400001525878906,220.0,,
2020-09-18,45.0,45.0,41.400001525878906,41.400001525878906,49.0,,
2020-09-21,41.400001525878906,45.0,41.400001525878906,43.20000076293945,96.0,,
2020-09-22,45.0,45.0,37.79999923706055,45.0,564.0,,
2020-09-23,37.79999923706055,45.0,37.79999923706055,39.599998474121094,171.0,,
2020-09-24,39.599998474121094,39.599998474121094,37.79999923706055,39.599998474121094,277.0,,
2020-09-25,36.0,39.599998474121094,36.0,37.79999923706055,328.0,,
2020-09-28,36.0,39.599998474121094,27.0,39.599998474121094,560.0,,
2020-09-29,27.0,39.599998474121094,27.0,39.599998474121094,78.0,,
2020-09-30,32.400001525878906,41.400001525878906,30.600000381469727,41.400001525878906,131.0,,
2020-10-01,43.20000076293945,43.20000076293945,34.20000076293945,41.400001525878906,569.0,,
2020-10-02,32.400001525878906,41.400001525878906,32.400001525878906,41.400001525878906,418.0,,
2020-10-05,32.400001525878906,41.400001525878906,32.400001525878906,36.0,187.0,,
2020-10-06,34.20000076293945,41.400001525878906,34.20000076293945,39.599998474121094,130.0,,
2020-10-07,41.400001525878906,43.20000076293945,36.0,41.400001525878906,207.0,,
2020-10-08,37.79999923706055,41.400001525878906,36.0,41.400001525878906,223.0,,
2020-10-09,39.599998474121094,41.400001525878906,39.599998474121094,39.599998474121094,82.0,,
2020-10-12,36.0,41.400001525878906,36.0,41.400001525878906,111.0,,
2020-10-13,39.599998474121094,41.400001525878906,37.79999923706055,39.599998474121094,116.0,,
2020-10-14,37.79999923706055,45.0,36.0,39.599998474121094,324.0,,
2020-10-15,34.20000076293945,45.0,34.20000076293945,41.400001525878906,294.0,,
2020-10-16,43.20000076293945,43.20000076293945,37.79999923706055,41.400001525878906,145.0,,
2020-10-19,43.20000076293945,43.20000076293945,37.79999923706055,39.599998474121094,59.0,,
2020-10-20,37.79999923706055,43.20000076293945,36.0,43.20000076293945,302.0,,
2020-10-21,43.20000076293945,43.20000076293945,36.0,41.400001525878906,118.0,,
2020-10-22,36.0,43.20000076293945,36.0,41.400001525878906,53.0,,
2020-10-23,39.599998474121094,43.20000076293945,39.599998474121094,39.599998474121094,42.0,,
2020-10-26,39.599998474121094,41.400001525878906,39.599998474121094,39.599998474121094,85.0,,
2020-10-27,37.79999923706055,43.20000076293945,37.79999923706055,39.599998474121094,109.0,,
2020-10-28,39.599998474121094,43.20000076293945,36.0,39.599998474121094,186.0,,
2020-10-29,36.0,39.599998474121094,36.0,39.599998474121094,66.0,,
2020-10-30,36.0,39.599998474121094,36.0,37.79999923706055,48.0,,
2020-11-02,37.79999923706055,45.0,37.79999923706055,43.20000076293945,367.0,,
2020-11-03,45.0,50.400001525878906,41.400001525878906,43.20000076293945,127.0,,
2020-11-04,50.400001525878906,50.400001525878906,41.400001525878906,45.0,200.0,,
2020-11-05,50.400001525878906,52.20000076293945,43.20000076293945,50.400001525878906,250.0,,
2020-11-06,50.400001525878906,59.400001525878906,45.0,55.79999923706055,536.0,,
2020-11-09,54.0,59.400001525878906,50.400001525878906,55.79999923706055,318.0,,
2020-11-10,57.599998474121094,57.599998474121094,45.0,48.599998474121094,220.0,,
2020-11-11,55.79999923706055,55.79999923706055,46.79999923706055,52.20000076293945,144.0,,
2020-11-12,54.0,55.79999923706055,45.0,46.79999923706055,203.0,,
2020-11-13,46.79999923706055,46.79999923706055,39.599998474121094,39.599998474121094,272.0,,
2020-11-16,39.599998474121094,46.79999923706055,39.599998474121094,41.400001525878906,82.0,,
2020-11-17,41.400001525878906,50.400001525878906,41.400001525878906,46.79999923706055,98.0,,
2020-11-18,50.400001525878906,50.400001525878906,39.599998474121094,43.20000076293945,96.0,,
2020-11-19,36.0,54.0,36.0,52.20000076293945,212.0,,
2020-11-20,52.20000076293945,52.20000076293945,41.400001525878906,43.20000076293945,126.0,,
2020-11-23,41.400001525878906,46.79999923706055,39.599998474121094,43.20000076293945,141.0,,
2020-11-24,43.20000076293945,54.0,43.20000076293945,52.20000076293945,185.0,,
2020-11-25,52.20000076293945,52.20000076293945,50.400001525878906,52.20000076293945,320.0,,
2020-11-27,50.400001525878906,55.79999923706055,50.400001525878906,55.79999923706055,324.0,,
2020-11-30,54.0,59.400001525878906,50.400001525878906,57.599998474121094,320.0,,
2020-12-01,54.0,66.5999984741211,52.20000076293945,61.20000076293945,543.0,,
2020-12-02,68.4000015258789,73.80000305175781,54.0,72.0,927.0,,
2020-12-03,84.5999984741211,90.0,59.400001525878906,75.5999984741211,986.0,,
2020-12-04,79.19999694824219,90.0,63.0,88.19999694824219,635.0,,
2020-12-07,90.0,108.0,81.0,99.0,580.0,,
2020-12-08,99.0,99.0,81.0,82.80000305175781,572.0,,
2020-12-09,82.80000305175781,90.0,57.599998474121094,72.0,472.0,,
2020-12-10,57.599998474121094,90.0,57.599998474121094,88.19999694824219,269.0,,
2020-12-11,91.80000305175781,97.19999694824219,72.0,95.4000015258789,232.0,,
2020-12-14,97.19999694824219,99.0,72.0,91.80000305175781,150.0,,
2020-12-15,90.0,95.4000015258789,82.80000305175781,88.19999694824219,140.0,,
2020-12-16,81.0,90.0,81.0,88.19999694824219,114.0,,
2020-12-17,81.0,90.0,81.0,90.0,230.0,,
2020-12-18,97.19999694824219,97.19999694824219,77.4000015258789,77.4000015258789,156.0,,
2020-12-21,79.19999694824219,82.80000305175781,70.19999694824219,79.19999694824219,355.0,,
2020-12-22,81.0,81.0,63.0,79.19999694824219,479.0,,
2020-12-23,63.0,84.5999984741211,54.0,75.5999984741211,203.0,,
2020-12-24,86.4000015258789,86.4000015258789,63.0,72.0,137.0,,
2020-12-28,68.4000015258789,73.80000305175781,63.0,64.80000305175781,385.0,,
2020-12-29,63.0,68.4000015258789,57.599998474121094,61.20000076293945,387.0,,
2020-12-30,57.599998474121094,68.4000015258789,55.79999923706055,68.4000015258789,183.0,,
2020-12-31,79.19999694824219,79.19999694824219,57.599998474121094,63.0,133.0,,
2021-01-04,68.4000015258789,72.0,54.0,57.599998474121094,708.0,,
2021-01-05,54.0,68.4000015258789,54.0,59.400001525878906,285.0,,
2021-01-06,90.0,90.0,61.20000076293945,72.0,657.0,,
2021-01-07,86.4000015258789,88.19999694824219,72.0,79.19999694824219,409.0,,
2021-01-08,82.80000305175781,90.0,73.80000305175781,84.5999984741211,428.0,,
2021-01-11,100.80000305175781,100.80000305175781,72.0,90.0,600.0,,
2021-01-12,90.0,91.80000305175781,79.19999694824219,90.0,282.0,,
2021-01-13,91.80000305175781,122.4000015258789,79.19999694824219,109.80000305175781,883.0,,
2021-01-14,131.39999389648438,360.0,109.80000305175781,360.0,16238.0,,
2021-01-15,379.79998779296875,387.0,216.0,234.0,11760.0,,
2021-01-19,225.0,234.0,163.8000030517578,201.60000610351562,3837.0,,
2021-01-20,198.0,205.1999969482422,171.0,192.60000610351562,1608.0,,
2021-01-21,180.0,187.1999969482422,162.0,167.39999389648438,1116.0,,
2021-01-22,180.0,180.0,147.60000610351562,160.1999969482422,1211.0,,
2021-01-25,147.60000610351562,194.39999389648438,147.60000610351562,169.1999969482422,988.0,,
2021-01-26,171.0,187.1999969482422,160.1999969482422,176.39999389648438,1029.0,,
2021-01-27,163.8000030517578,180.0,163.8000030517578,165.60000610351562,912.0,,
2021-01-28,165.60000610351562,171.0,154.8000030517578,160.1999969482422,798.0,,
2021-01-29,154.8000030517578,180.0,153.0,174.60000610351562,2257.0,,
2021-02-01,144.0,171.0,144.0,160.1999969482422,694.0,,
2021-02-02,167.39999389648438,167.39999389648438,145.8000030517578,167.39999389648438,585.0,,
2021-02-03,169.1999969482422,198.0,165.60000610351562,198.0,1408.0,,
2021-02-04,189.0,228.60000610351562,180.0,207.0,1509.0,,
2021-02-05,221.39999389648438,270.0,217.8000030517578,243.0,1940.0,,
2021-02-08,253.8000030517578,284.3999938964844,243.0,255.60000610351562,1380.0,,
2021-02-09,250.1999969482422,270.0,217.8000030517578,259.20001220703125,1773.0,,
2021-02-10,259.20001220703125,280.79998779296875,225.0,262.79998779296875,1733.0,,
2021-02-11,257.3999938964844,262.79998779296875,205.1999969482422,239.39999389648438,1129.0,,
2021-02-12,237.60000610351562,261.0,198.0,226.8000030517578,1106.0,,
2021-02-16,234.0,261.0,199.8000030517578,221.39999389648438,309.0,,
2021-02-17,219.60000610351562,234.0,203.39999389648438,208.8000030517578,366.0,,
2021-02-18,207.0,232.1999969482422,171.0,180.0,967.0,,
2021-02-19,176.39999389648438,216.0,176.39999389648438,214.1999969482422,758.0,,
2021-02-22,207.0,234.0,194.39999389648438,201.60000610351562,480.0,,
2021-02-23,207.0,225.0,153.0,187.1999969482422,1253.0,,
2021-02-24,198.0,216.0,178.1999969482422,190.8000030517578,527.0,,
2021-02-25,192.60000610351562,199.8000030517578,162.0,178.1999969482422,893.0,,
2021-02-26,178.1999969482422,178.1999969482422,154.8000030517578,176.39999389648438,829.0,,
2021-03-01,169.1999969482422,207.0,167.39999389648438,194.39999389648438,844.0,,
2021-03-02,196.1999969482422,210.60000610351562,185.39999389648438,201.60000610351562,141.0,,
2021-03-03,201.60000610351562,201.60000610351562,142.1999969482422,162.0,1743.0,,
2021-03-04,156.60000610351562,162.0,142.1999969482422,153.0,793.0,,
2021-03-05,149.39999389648438,171.0,117.0,162.0,1036.0,,
2021-03-08,162.0,176.39999389648438,142.1999969482422,162.0,656.0,,
2021-03-09,162.0,162.0,147.60000610351562,158.39999389648438,167.0,,
2021-03-10,153.0,234.0,153.0,189.0,2198.0,,
2021-03-11,190.8000030517578,216.0,181.8000030517578,194.39999389648438,492.0,,
2021-03-12,194.39999389648438,232.1999969482422,192.60000610351562,219.60000610351562,1241.0,,
2021-03-15,219.60000610351562,252.0,201.60000610351562,252.0,1010.0,,
2021-03-16,261.0,261.0,207.0,228.60000610351562,702.0,,
2021-03-17,225.0,234.0,183.60000610351562,205.1999969482422,887.0,,
2021-03-18,183.60000610351562,207.0,165.60000610351562,185.39999389648438,1023.0,,
2021-03-19,165.60000610351562,198.0,165.60000610351562,180.0,544.0,,
2021-03-22,189.0,198.0,180.0,189.0,401.0,,
2021-03-23,190.8000030517578,190.8000030517578,144.0,171.0,778.0,,
2021-03-24,183.60000610351562,199.8000030517578,153.0,172.8000030517578,873.0,,
2021-03-25,194.39999389648438,194.39999389648438,133.1999969482422,156.60000610351562,1541.0,,
2021-03-26,154.8000030517578,154.8000030517578,117.0,120.5999984741211,1666.0,,
2021-03-29,126.0,135.0,117.0,120.5999984741211,623.0,,
2021-03-30,133.1999969482422,135.0,108.0,126.0,266.0,,
2021-03-31,131.39999389648438,131.39999389648438,113.4000015258789,120.5999984741211,150.0,,
2021-04-01,133.1999969482422,133.1999969482422,118.80000305175781,126.0,213.0,,
2021-04-05,127.80000305175781,135.0,115.19999694824219,120.5999984741211,201.0,,
2021-04-06,122.4000015258789,124.19999694824219,120.5999984741211,120.5999984741211,153.0,,
2021-04-07,120.5999984741211,133.1999969482422,120.5999984741211,120.5999984741211,268.0,,
2021-04-08,135.0,135.0,120.5999984741211,129.60000610351562,148.0,,
2021-04-09,131.39999389648438,135.0,122.4000015258789,127.80000305175781,335.0,,
2021-04-12,126.0,129.60000610351562,115.19999694824219,122.4000015258789,308.0,,
2021-04-13,117.0,124.19999694824219,117.0,124.19999694824219,160.0,,
2021-04-14,118.80000305175781,122.4000015258789,109.80000305175781,120.5999984741211,352.0,,
2021-04-15,122.4000015258789,122.4000015258789,102.5999984741211,115.19999694824219,848.0,,
2021-04-16,108.0,113.4000015258789,95.4000015258789,111.5999984741211,330.0,,
2021-04-19,100.80000305175781,109.80000305175781,93.5999984741211,106.19999694824219,111.0,,
2021-04-20,109.80000305175781,109.80000305175781,102.5999984741211,108.0,268.0,,
2021-04-21,106.19999694824219,108.0,95.4000015258789,104.4000015258789,247.0,,
2021-04-22,104.4000015258789,135.0,102.5999984741211,126.0,738.0,,
2021-04-23,127.80000305175781,160.1999969482422,126.0,131.39999389648438,235.0,,
2021-04-26,127.80000305175781,178.1999969482422,127.80000305175781,176.39999389648438,1488.0,,
2021-04-27,154.8000030517578,180.0,144.0,149.39999389648438,468.0,,
2021-04-28,147.60000610351562,162.0,142.1999969482422,160.1999969482422,351.0,,
2021-04-29,144.0,187.1999969482422,144.0,162.0,1075.0,,
2021-04-30,178.1999969482422,192.60000610351562,154.8000030517578,192.60000610351562,1006.0,,
2021-05-03,198.0,201.60000610351562,167.39999389648438,174.60000610351562,269.0,,
2021-05-04,167.39999389648438,187.1999969482422,162.0,171.0,140.0,,
2021-05-05,165.60000610351562,180.0,160.1999969482422,165.60000610351562,230.0,,
2021-05-06,180.0,180.0,147.60000610351562,162.0,329.0,,
2021-05-07,145.8000030517578,169.1999969482422,117.0,162.0,238.0,,
2021-05-10,171.0,178.1999969482422,126.0,135.0,657.0,,
2021-05-11,151.1999969482422,171.0,120.5999984741211,142.1999969482422,753.0,,
2021-05-12,120.5999984741211,135.0,113.4000015258789,120.5999984741211,504.0,,
2021-05-13,131.39999389648438,151.1999969482422,108.0,126.0,633.0,,
2021-05-14,135.0,135.0,108.0,131.39999389648438,433.0,,
2021-05-17,131.39999389648438,147.60000610351562,108.0,131.39999389648438,1118.0,,
2021-05-18,124.19999694824219,140.39999389648438,113.4000015258789,131.39999389648438,104.0,,
2021-05-19,126.0,135.0,122.4000015258789,126.0,111.0,,
2021-05-20,127.80000305175781,127.80000305175781,117.0,122.4000015258789,199.0,,
2021-05-21,126.0,126.0,117.0,117.0,165.0,,
2021-05-24,122.4000015258789,124.19999694824219,117.0,120.5999984741211,43.0,,
2021-05-25,120.5999984741211,135.0,120.5999984741211,127.80000305175781,104.0,,
2021-05-26,117.0,135.0,117.0,126.0,138.0,,
2021-05-27,117.0,135.0,117.0,133.1999969482422,230.0,,
2021-05-28,129.60000610351562,135.0,126.0,131.39999389648438,208.0,,
2021-06-01,131.39999389648438,133.1999969482422,120.5999984741211,126.0,191.0,,
2021-06-02,124.19999694824219,144.0,124.19999694824219,131.39999389648438,318.0,,
2021-06-03,136.8000030517578,136.8000030517578,122.4000015258789,127.80000305175781,148.0,,
2021-06-04,126.0,129.60000610351562,118.80000305175781,124.19999694824219,208.0,,
2021-06-07,129.60000610351562,129.60000610351562,117.0,124.19999694824219,207.0,,
2021-06-08,122.4000015258789,127.80000305175781,122.4000015258789,126.0,218.0,,
2021-06-09,127.80000305175781,127.80000305175781,122.4000015258789,122.4000015258789,109.0,,
2021-06-10,122.4000015258789,126.0,117.0,122.4000015258789,154.0,,
2021-06-11,117.0,126.0,117.0,126.0,192.0,,
2021-06-14,126.0,126.0,118.80000305175781,122.4000015258789,96.0,,
2021-06-15,120.5999984741211,124.19999694824219,118.80000305175781,124.19999694824219,85.0,,
2021-06-16,126.0,126.0,109.80000305175781,118.80000305175781,391.0,,
2021-06-17,109.80000305175781,124.19999694824219,109.80000305175781,118.80000305175781,291.0,,
2021-06-18,109.80000305175781,122.4000015258789,99.0,117.0,185.0,,
2021-06-21,109.80000305175781,118.80000305175781,108.0,115.19999694824219,291.0,,
2021-06-22,117.0,117.0,108.0,113.4000015258789,628.0,,
2021-06-23,117.0,117.0,109.80000305175781,117.0,221.0,,
2021-06-24,109.80000305175781,118.80000305175781,108.0,109.80000305175781,147.0,,
2021-06-25,115.19999694824219,115.19999694824219,100.80000305175781,108.0,334.0,,
2021-06-28,108.0,111.5999984741211,100.80000305175781,111.5999984741211,212.0,,
2021-06-29,109.80000305175781,113.4000015258789,109.80000305175781,113.4000015258789,171.0,,
2021-06-30,113.4000015258789,117.0,108.0,117.0,151.0,,
2021-07-01,106.19999694824219,120.5999984741211,106.19999694824219,115.19999694824219,110.0,,
2021-07-02,106.19999694824219,117.0,106.19999694824219,108.0,139.0,,
2021-07-06,111.5999984741211,115.19999694824219,99.0,115.19999694824219,275.0,,
2021-07-07,93.5999984741211,115.19999694824219,93.5999984741211,108.0,319.0,,
2021-07-08,104.4000015258789,113.4000015258789,90.0,109.80000305175781,331.0,,
2021-07-09,111.5999984741211,111.5999984741211,108.0,109.80000305175781,67.0,,
2021-07-12,111.5999984741211,113.4000015258789,104.4000015258789,113.4000015258789,57.0,,
2021-07-13,108.0,113.4000015258789,106.19999694824219,108.0,99.0,,
2021-07-14,106.19999694824219,113.4000015258789,106.19999694824219,109.80000305175781,153.0,,
2021-07-15,108.0,111.5999984741211,99.0,106.19999694824219,143.0,,
2021-07-16,109.80000305175781,113.4000015258789,99.0,104.4000015258789,249.0,,
2021-07-19,100.80000305175781,104.4000015258789,97.19999694824219,104.4000015258789,123.0,,
2021-07-20,102.5999984741211,102.5999984741211,97.19999694824219,100.80000305175781,182.0,,
2021-07-21,99.0,104.4000015258789,97.19999694824219,104.4000015258789,113.0,,
2021-07-22,93.5999984741211,104.4000015258789,93.5999984741211,104.4000015258789,72.0,,
2021-07-23,104.4000015258789,115.19999694824219,104.4000015258789,106.19999694824219,111.0,,
2021-07-26,106.19999694824219,108.0,102.5999984741211,104.4000015258789,160.0,,
2021-07-27,106.19999694824219,162.0,86.4000015258789,99.0,543.0,,
2021-07-28,97.19999694824219,154.8000030517578,97.19999694824219,135.0,2043.0,,
2021-07-29,131.39999389648438,147.60000610351562,131.39999389648438,144.0,2070.0,,
2021-07-30,144.0,144.0,131.39999389648438,140.39999389648438,94.0,,
2021-08-02,135.0,142.1999969482422,127.80000305175781,131.39999389648438,150.0,,
2021-08-03,127.80000305175781,147.60000610351562,127.80000305175781,138.60000610351562,143.0,,
2021-08-04,149.39999389648438,149.39999389648438,127.80000305175781,135.0,120.0,,
2021-08-05,127.80000305175781,144.0,127.80000305175781,131.39999389648438,71.0,,
2021-08-06,131.39999389648438,144.0,127.80000305175781,138.60000610351562,157.0,,
2021-08-09,147.60000610351562,147.60000610351562,120.5999984741211,140.39999389648438,186.0,,
2021-08-10,140.39999389648438,140.39999389648438,108.0,118.80000305175781,817.0,,
2021-08-11,113.4000015258789,120.5999984741211,104.4000015258789,108.0,635.0,,
2021-08-12,111.5999984741211,111.5999984741211,108.0,109.80000305175781,223.0,,
2021-08-13,111.5999984741211,113.4000015258789,109.80000305175781,111.5999984741211,211.0,,
2021-08-16,108.0,113.4000015258789,108.0,113.4000015258789,214.0,,
2021-08-17,108.0,113.4000015258789,108.0,109.80000305175781,82.0,,
2021-08-18,109.80000305175781,117.0,108.0,117.0,254.0,,
2021-08-19,111.5999984741211,117.0,109.80000305175781,117.0,152.0,,
2021-08-20,109.80000305175781,115.19999694824219,109.80000305175781,115.19999694824219,112.0,,
2021-08-23,111.5999984741211,118.80000305175781,109.80000305175781,118.80000305175781,61.0,,
2021-08-24,104.4000015258789,120.5999984741211,104.4000015258789,118.80000305175781,114.0,,
2021-08-25,117.0,120.5999984741211,115.19999694824219,117.0,114.0,,
2021-08-26,120.5999984741211,122.4000015258789,117.0,120.5999984741211,51.0,,
2021-08-27,118.80000305175781,120.5999984741211,115.19999694824219,117.0,48.0,,
2021-08-30,122.4000015258789,122.4000015258789,104.4000015258789,117.0,123.0,,
2021-08-31,108.0,118.80000305175781,108.0,117.0,123.0,,
2021-09-01,117.0,117.0,113.4000015258789,117.0,155.0,,
2021-09-02,117.0,120.5999984741211,113.4000015258789,115.19999694824219,385.0,,
2021-09-03,115.19999694824219,122.4000015258789,111.5999984741211,118.80000305175781,94.0,,
2021-09-07,117.0,118.80000305175781,111.5999984741211,115.19999694824219,89.0,,
2021-09-08,115.19999694824219,117.0,111.5999984741211,113.4000015258789,88.0,,
2021-09-09,111.5999984741211,117.0,111.5999984741211,113.4000015258789,33.0,,
2021-09-10,113.4000015258789,117.0,109.80000305175781,111.5999984741211,143.0,,
2021-09-13,111.5999984741211,113.4000015258789,104.4000015258789,108.0,247.0,,
2021-09-14,104.4000015258789,109.80000305175781,104.4000015258789,108.0,174.0,,
2021-09-15,108.0,111.5999984741211,99.0,111.5999984741211,239.0,,
2021-09-16,115.19999694824219,115.19999694824219,106.19999694824219,109.80000305175781,81.0,,
2021-09-17,108.0,109.80000305175781,104.4000015258789,109.80000305175781,292.0,,
2021-09-20,104.4000015258789,111.5999984741211,90.0,99.0,750.0,,
2021-09-21,109.80000305175781,111.5999984741211,99.0,106.19999694824219,58.0,,
2021-09-22,108.0,109.80000305175781,104.4000015258789,106.19999694824219,29.0,,
2021-09-23,109.80000305175781,109.80000305175781,104.4000015258789,104.4000015258789,141.0,,
2021-09-24,104.4000015258789,109.80000305175781,104.4000015258789,108.0,103.0,,
2021-09-27,106.19999694824219,108.0,100.80000305175781,100.80000305175781,91.0,,
2021-09-28,93.5999984741211,108.0,93.5999984741211,108.0,201.0,,
2021-09-29,108.0,108.0,93.5999984741211,100.80000305175781,158.0,,
2021-09-30,99.0,108.0,99.0,108.0,248.0,,
2021-10-01,100.80000305175781,109.80000305175781,100.80000305175781,106.19999694824219,36.0,,
2021-10-04,106.19999694824219,108.0,102.5999984741211,102.5999984741211,75.0,,
2021-10-05,97.19999694824219,108.0,97.19999694824219,106.19999694824219,23.0,,
2021-10-06,99.0,109.80000305175781,99.0,106.19999694824219,109.0,,
2021-10-07,100.80000305175781,109.80000305175781,100.80000305175781,108.0,69.0,,
2021-10-08,108.0,108.0,104.4000015258789,104.4000015258789,27.0,,
2021-10-11,104.4000015258789,104.4000015258789,100.80000305175781,102.5999984741211,204.0,,
2021-10-12,100.80000305175781,108.0,100.80000305175781,100.80000305175781,34.0,,
2021-10-13,102.5999984741211,108.0,100.80000305175781,106.19999694824219,41.0,,
2021-10-14,106.19999694824219,106.19999694824219,104.4000015258789,106.19999694824219,25.0,,
2021-10-15,106.19999694824219,106.19999694824219,100.80000305175781,104.4000015258789,75.0,,
2021-10-18,100.80000305175781,104.4000015258789,99.0,99.0,312.0,,
2021-10-19,99.0,104.4000015258789,99.0,102.5999984741211,73.0,,
2021-10-20,102.5999984741211,104.4000015258789,21.600000381469727,97.19999694824219,875.0,,
2021-10-21,97.19999694824219,97.19999694824219,90.0,90.0,310.0,,
2021-10-22,79.19999694824219,99.0,63.0,97.19999694824219,1331.0,,
2021-10-25,97.19999694824219,97.19999694824219,86.4000015258789,93.5999984741211,195.0,,
2021-10-26,90.0,93.5999984741211,84.5999984741211,91.80000305175781,155.0,,
2021-10-27,77.4000015258789,91.80000305175781,77.4000015258789,91.80000305175781,89.0,,
2021-10-28,91.80000305175781,91.80000305175781,77.4000015258789,90.0,515.0,,
2021-10-29,84.5999984741211,91.80000305175781,84.5999984741211,88.19999694824219,104.0,,
2021-11-01,81.0,97.19999694824219,81.0,90.0,67.0,,
2021-11-02,81.0,90.0,81.0,86.4000015258789,118.0,,
2021-11-03,86.4000015258789,90.0,82.80000305175781,90.0,126.0,,
2021-11-04,90.0,97.19999694824219,90.0,93.5999984741211,98.0,,
2021-11-05,82.80000305175781,99.0,79.19999694824219,95.4000015258789,286.0,,
2021-11-08,90.0,97.19999694824219,88.19999694824219,95.4000015258789,258.0,,
2021-11-09,90.0,97.19999694824219,90.0,95.4000015258789,48.0,,
2021-11-10,95.4000015258789,109.80000305175781,95.4000015258789,100.80000305175781,274.0,,
2021-11-11,95.4000015258789,108.0,88.19999694824219,102.5999984741211,521.0,,
2021-11-12,91.80000305175781,104.4000015258789,91.80000305175781,104.4000015258789,83.0,,
2021-11-15,106.19999694824219,106.19999694824219,91.80000305175781,102.5999984741211,176.0,,
2021-11-16,93.5999984741211,99.0,91.80000305175781,99.0,88.0,,
2021-11-17,99.0,99.0,81.0,99.0,299.0,,
2021-11-18,90.0,97.19999694824219,75.5999984741211,97.19999694824219,206.0,,
2021-11-19,95.4000015258789,102.5999984741211,75.5999984741211,93.5999984741211,178.0,,
2021-11-22,90.0,93.5999984741211,81.0,86.4000015258789,176.0,,
2021-11-23,81.0,91.80000305175781,81.0,88.19999694824219,52.0,,
2021-11-24,81.0,91.80000305175781,81.0,86.4000015258789,53.0,,
2021-11-26,93.5999984741211,93.5999984741211,86.4000015258789,88.19999694824219,35.0,,
2021-11-29,88.19999694824219,93.5999984741211,81.0,86.4000015258789,125.0,,
2021-11-30,81.0,90.0,79.19999694824219,86.4000015258789,103.0,,
2021-12-01,79.19999694824219,88.19999694824219,72.0,88.19999694824219,137.0,,
2021-12-02,79.19999694824219,88.19999694824219,63.0,72.0,416.0,,
2021-12-03,70.19999694824219,73.80000305175781,57.599998474121094,70.19999694824219,489.0,,
2021-12-06,72.0,72.0,61.20000076293945,64.80000305175781,203.0,,
2021-12-07,64.80000305175781,72.0,64.80000305175781,72.0,197.0,,
2021-12-08,68.4000015258789,72.0,63.0,68.4000015258789,289.0,,
2021-12-09,68.4000015258789,68.4000015258789,63.0,66.5999984741211,144.0,,
2021-12-10,66.5999984741211,72.0,66.5999984741211,72.0,205.0,,
2021-12-13,66.5999984741211,72.0,66.5999984741211,72.0,105.0,,
2021-12-14,70.19999694824219,72.0,63.0,63.0,153.0,,
2021-12-15,64.80000305175781,68.4000015258789,55.79999923706055,68.4000015258789,199.0,,
2021-12-16,68.4000015258789,72.0,68.4000015258789,72.0,106.0,,
2021-12-17,72.0,72.0,57.599998474121094,64.80000305175781,322.0,,
2021-12-20,59.400001525878906,64.80000305175781,57.599998474121094,59.400001525878906,189.0,,
2021-12-21,59.400001525878906,59.400001525878906,55.79999923706055,59.400001525878906,155.0,,
2021-12-22,55.79999923706055,72.0,54.0,70.19999694824219,303.0,,
2021-12-23,72.0,72.0,63.0,63.0,162.0,,
2021-12-27,59.400001525878906,70.19999694824219,57.599998474121094,66.5999984741211,92.0,,
2021-12-28,63.0,68.4000015258789,54.0,63.0,338.0,,
2021-12-29,59.400001525878906,64.80000305175781,55.79999923706055,61.20000076293945,133.0,,
2021-12-30,59.400001525878906,66.5999984741211,59.400001525878906,59.400001525878906,80.0,,
2021-12-31,59.400001525878906,63.0,54.0,57.599998474121094,433.0,,
2022-01-03,55.79999923706055,66.5999984741211,54.0,66.5999984741211,121.0,,
2022-01-04,68.4000015258789,97.19999694824219,55.79999923706055,84.5999984741211,1860.0,,
2022-01-05,84.5999984741211,90.0,72.0,82.80000305175781,531.0,,
2022-01-06,81.0,88.19999694824219,81.0,81.0,181.0,,
2022-01-07,81.0,88.19999694824219,77.4000015258789,82.80000305175781,159.0,,
2022-01-10,73.80000305175781,84.5999984741211,73.80000305175781,79.19999694824219,148.0,,
2022-01-11,79.19999694824219,86.4000015258789,77.4000015258789,82.80000305175781,110.0,,
2022-01-12,75.5999984741211,84.5999984741211,72.0,77.4000015258789,291.0,,
2022-01-13,86.4000015258789,90.0,72.0,88.19999694824219,507.0,,
2022-01-14,90.0,90.0,75.5999984741211,90.0,220.0,,
2022-01-18,90.0,90.0,72.0,88.19999694824219,151.0,,
2022-01-19,72.0,90.0,72.0,88.19999694824219,93.0,,
2022-01-20,70.19999694824219,117.0,70.19999694824219,93.5999984741211,1000.0,,
2022-01-21,86.4000015258789,97.19999694824219,86.4000015258789,93.5999984741211,162.0,,
2022-01-24,86.4000015258789,162.0,57.599998474121094,93.5999984741211,94.0,,
2022-01-25,93.5999984741211,93.5999984741211,36.0,75.5999984741211,524.0,,
2022-01-26,77.4000015258789,91.80000305175781,72.0,88.19999694824219,188.0,,
2022-01-27,79.19999694824219,91.80000305175781,79.19999694824219,90.0,63.0,,
2022-01-28,90.0,90.0,54.0,81.0,1106.0,,
2022-01-31,72.0,81.0,66.5999984741211,77.4000015258789,60.0,,
2022-02-01,72.0,75.5999984741211,63.0,73.80000305175781,317.0,,
2022-02-02,68.4000015258789,75.5999984741211,68.4000015258789,75.5999984741211,72.0,,
2022-02-03,73.80000305175781,75.5999984741211,72.0,75.5999984741211,128.0,,
2022-02-04,72.0,77.4000015258789,64.80000305175781,72.0,431.0,,
2022-02-07,70.19999694824219,73.80000305175781,70.19999694824219,72.0,67.0,,
2022-02-08,72.0,73.80000305175781,57.599998474121094,63.0,474.0,,
2022-02-09,61.20000076293945,66.0,61.20000076293945,63.47999954223633,333.0,,
2022-02-10,52.619998931884766,57.2400016784668,24.0,53.400001525878906,975.0,,
2022-02-11,37.79999923706055,37.79999923706055,25.799999237060547,27.719999313354492,200208.0,,
2022-02-14,31.68000030517578,32.400001525878906,27.0,30.600000381469727,515892.0,,
2022-02-15,30.360000610351562,30.959999084472656,28.31999969482422,29.639999389648438,108950.0,,
2022-02-16,28.68000030517578,29.399999618530273,25.68000030517578,26.15999984741211,83467.0,,
2022-02-17,26.280000686645508,27.360000610351562,25.079999923706055,25.200000762939453,45000.0,,
2022-02-18,25.200000762939453,25.799999237060547,23.399999618530273,24.0,31400.0,,
2022-02-22,23.639999389648438,24.719999313354492,23.399999618530273,23.639999389648438,14383.0,,
2022-02-23,23.639999389648438,23.8799991607666,19.799999237060547,19.920000076293945,28558.0,,
2022-02-24,20.15999984741211,23.15999984741211,19.68000030517578,22.799999237060547,26400.0,,
2022-02-25,23.520000457763672,23.8799991607666,21.84000015258789,23.040000915527344,15400.0,,
2022-02-28,21.719999313354492,22.763999938964844,21.719999313354492,22.559999465942383,6508.0,,
2022-03-01,22.200000762939453,24.0,22.200000762939453,22.68000030517578,10158.0,,
2022-03-02,22.079999923706055,23.15999984741211,21.719999313354492,22.68000030517578,7092.0,,
2022-03-03,22.68000030517578,22.72800064086914,21.0,21.1200008392334,19808.0,,
2022-03-04,20.639999389648438,20.808000564575195,19.559999465942383,20.040000915527344,13175.0,,
2022-03-07,20.399999618530273,25.799999237060547,19.200000762939453,22.920000076293945,52708.0,,
2022-03-08,22.440000534057617,23.399999618530273,21.239999771118164,23.040000915527344,19042.0,,
2022-03-09,23.399999618530273,25.68000030517578,22.440000534057617,24.600000381469727,18292.0,,
2022-03-10,23.8799991607666,34.68000030517578,22.920000076293945,26.399999618530273,1083692.0,,
2022-03-11,24.360000610351562,25.535999298095703,20.399999618530273,21.719999313354492,103592.0,,
2022-03-14,21.719999313354492,29.639999389648438,21.0,25.68000030517578,652592.0,,
2022-03-15,25.68000030517578,27.479999542236328,22.799999237060547,27.479999542236328,111983.0,,
2022-03-16,26.760000228881836,26.760000228881836,23.760000228881836,24.84000015258789,58942.0,,
2022-03-17,23.8799991607666,27.0,23.8799991607666,26.399999618530273,50025.0,,
2022-03-18,26.399999618530273,28.920000076293945,24.959999084472656,28.079999923706055,50258.0,,
2022-03-21,27.0,32.400001525878906,26.15999984741211,29.760000228881836,110467.0,,
2022-03-22,28.799999237060547,30.959999084472656,27.959999084472656,29.040000915527344,47917.0,,
2022-03-23,28.079999923706055,30.600000381469727,27.479999542236328,29.760000228881836,30183.0,,
2022-03-24,30.479999542236328,35.15999984741211,29.639999389648438,33.36000061035156,160083.0,,
2022-03-25,34.91999816894531,36.0,30.1200008392334,32.15999984741211,81100.0,,
2022-03-28,32.040000915527344,32.880001068115234,30.1560001373291,31.920000076293945,42600.0,,
2022-03-29,32.040000915527344,36.119998931884766,30.959999084472656,31.799999237060547,75325.0,,
2022-03-30,27.360000610351562,33.720001220703125,26.760000228881836,29.520000457763672,93550.0,,
2022-03-31,28.799999237060547,31.920000076293945,28.57200050354004,30.1200008392334,33108.0,,
2022-04-01,30.1200008392334,32.040000915527344,29.399999618530273,29.399999618530273,17058.0,,
2022-04-04,31.200000762939453,32.400001525878906,30.719999313354492,31.799999237060547,25200.0,,
2022-04-05,32.15999984741211,32.15999984741211,29.15999984741211,29.639999389648438,21292.0,,
2022-04-06,28.920000076293945,30.0,27.600000381469727,27.600000381469727,7750.0,,
2022-04-07,28.079999923706055,28.200000762939453,25.70400047302246,27.239999771118164,16950.0,,
2022-04-08,27.239999771118164,29.280000686645508,26.280000686645508,28.079999923706055,14842.0,,
2022-04-11,27.959999084472656,28.799999237060547,26.280000686645508,27.719999313354492,20092.0,,
2022-04-12,29.760000228881836,29.760000228881836,26.8799991607666,27.239999771118164,10533.0,,
2022-04-13,26.81999969482422,29.15999984741211,26.760000228881836,26.760000228881836,21792.0,,
2022-04-14,26.760000228881836,27.468000411987305,24.84000015258789,25.440000534057617,25283.0,,
2022-04-18,24.719999313354492,26.040000915527344,22.799999237060547,23.280000686645508,47883.0,,
2022-04-19,22.799999237060547,24.84000015258789,22.799999237060547,23.520000457763672,30067.0,,
2022-04-20,23.760000228881836,24.0,22.920000076293945,22.920000076293945,2367.0,,
2022-04-21,22.799999237060547,24.0,20.399999618530273,21.0,14417.0,,
2022-04-22,20.399999618530273,21.408000946044922,19.559999465942383,19.799999237060547,10983.0,,
2022-04-25,19.200000762939453,21.479999542236328,18.84000015258789,19.68000030517578,24050.0,,
2022-04-26,20.520000457763672,21.479999542236328,19.559999465942383,20.040000915527344,19433.0,,
2022-04-27,20.280000686645508,20.639999389648438,19.31999969482422,20.040000915527344,15808.0,,
2022-04-28,20.15999984741211,21.0,19.68000030517578,20.639999389648438,12108.0,,
2022-04-29,20.399999618530273,21.0,20.040000915527344,20.399999618530273,6675.0,,
2022-05-02,20.399999618530273,21.239999771118164,19.200000762939453,19.559999465942383,12117.0,,
2022-05-03,20.280000686645508,21.479999542236328,19.200000762939453,20.280000686645508,13800.0,,
2022-05-04,20.639999389648438,21.479999542236328,19.799999237060547,20.399999618530273,5483.0,,
2022-05-05,20.459999084472656,20.856000900268555,19.31999969482422,19.68000030517578,6858.0,,
2022-05-06,19.31999969482422,21.0,19.308000564575195,20.280000686645508,5383.0,,
2022-05-09,20.040000915527344,20.040000915527344,18.0,18.1200008392334,6442.0,,
2022-05-10,18.479999542236328,18.600000381469727,15.960000038146973,16.079999923706055,39108.0,,
2022-05-11,15.600000381469727,16.007999420166016,13.800000190734863,14.279999732971191,33517.0,,
2022-05-12,14.399999618530273,16.200000762939453,14.399999618530273,16.079999923706055,8333.0,,
2022-05-13,15.119999885559082,16.799999237060547,15.0,15.479999542236328,24667.0,,
2022-05-16,15.720000267028809,17.399999618530273,15.119999885559082,16.440000534057617,94100.0,,
2022-05-17,17.280000686645508,17.280000686645508,14.520000457763672,15.720000267028809,140683.0,,
2022-05-18,15.119999885559082,16.440000534057617,13.319999694824219,14.399999618530273,46467.0,,
2022-05-19,14.760000228881836,14.855999946594238,13.800000190734863,13.800000190734863,18358.0,,
2022-05-20,14.855999946594238,14.855999946594238,12.119999885559082,12.479999542236328,26550.0,,
2022-05-23,12.0,12.84000015258789,11.399999618530273,12.779999732971191,30633.0,,
2022-05-24,12.359999656677246,12.456000328063965,11.640000343322754,12.0,7442.0,,
2022-05-25,12.119999885559082,13.319999694824219,12.119999885559082,12.600000381469727,17392.0,,
2022-05-26,12.600000381469727,14.399999618530273,12.479999542236328,13.920000076293945,24700.0,,
2022-05-27,13.800000190734863,14.15999984741211,12.960000038146973,13.5600004196167,5808.0,,
2022-05-31,13.800000190734863,15.0,13.199999809265137,14.880000114440918,24992.0,,
2022-06-01,15.119999885559082,15.239999771118164,14.039999961853027,14.399999618530273,14600.0,,
2022-06-02,15.239999771118164,15.239999771118164,13.5600004196167,13.680000305175781,15367.0,,
2022-06-03,14.520000457763672,14.520000457763672,12.960000038146973,13.199999809265137,2625.0,,
2022-06-06,13.199999809265137,14.279999732971191,12.84000015258789,13.800000190734863,8058.0,,
2022-06-07,13.4399995803833,13.920000076293945,13.199999809265137,13.739999771118164,4025.0,,
2022-06-08,13.739999771118164,14.880000114440918,13.583999633789062,14.279999732971191,13000.0,,
2022-06-09,13.920000076293945,14.15999984741211,13.079999923706055,13.4399995803833,9317.0,,
2022-06-10,13.199999809265137,14.520000457763672,12.960000038146973,14.399999618530273,3842.0,,
2022-06-13,13.319999694824219,14.13599967956543,12.0,13.199999809265137,34392.0,,
2022-06-14,13.4399995803833,14.088000297546387,12.359999656677246,12.539999961853027,12367.0,,
2022-06-15,12.600000381469727,14.15999984741211,11.97599983215332,13.859999656677246,31092.0,,
2022-06-16,13.920000076293945,14.279999732971191,13.079999923706055,13.680000305175781,36600.0,,
2022-06-17,13.319999694824219,14.279999732971191,12.239999771118164,12.239999771118164,12517.0,,
2022-06-21,15.0,29.8799991607666,14.880000114440918,16.920000076293945,6214125.0,,
2022-06-22,15.119999885559082,16.31999969482422,13.319999694824219,13.680000305175781,272217.0,,
2022-06-23,13.680000305175781,15.84000015258789,13.680000305175781,14.399999618530273,128233.0,,
2022-06-24,14.039999961853027,15.479999542236328,13.079999923706055,14.640000343322754,80050.0,,
2022-06-27,14.760000228881836,17.040000915527344,14.279999732971191,16.31999969482422,118958.0,,
2022-06-28,17.15999984741211,18.239999771118164,16.511999130249023,17.280000686645508,81158.0,,
2022-06-29,19.920000076293945,20.280000686645508,14.399999618530273,15.119999885559082,245950.0,,
2022-06-30,14.039999961853027,15.479999542236328,13.199999809265137,15.119999885559082,63100.0,,
2022-07-01,14.640000343322754,15.119999885559082,14.279999732971191,15.119999885559082,14958.0,,
2022-07-05,14.640000343322754,15.119999885559082,14.15999984741211,14.760000228881836,30558.0,,
2022-07-06,14.760000228881836,15.119999885559082,14.520000457763672,14.760000228881836,11275.0,,
2022-07-07,14.520000457763672,16.079999923706055,14.520000457763672,15.479999542236328,45850.0,,
2022-07-08,15.479999542236328,16.079999923706055,15.0,15.119999885559082,17458.0,,
2022-07-11,15.239999771118164,15.359999656677246,14.399999618530273,14.880000114440918,18083.0,,
2022-07-12,14.279999732971191,15.720000267028809,14.279999732971191,15.479999542236328,15350.0,,
2022-07-13,15.119999885559082,16.68000030517578,14.640000343322754,16.31999969482422,29592.0,,
2022-07-14,16.920000076293945,19.200000762939453,16.799999237060547,18.959999084472656,85967.0,,
2022-07-15,18.959999084472656,19.440000534057617,17.760000228881836,18.479999542236328,44842.0,,
2022-07-18,18.959999084472656,19.079999923706055,18.0,19.079999923706055,11883.0,,
2022-07-19,19.440000534057617,20.15999984741211,18.959999084472656,20.040000915527344,23925.0,,
2022-07-20,19.68000030517578,21.239999771118164,19.079999923706055,19.559999465942383,68650.0,,
2022-07-21,19.68000030517578,19.920000076293945,18.600000381469727,19.799999237060547,17375.0,,
2022-07-22,19.559999465942383,19.799999237060547,17.77199935913086,19.799999237060547,13508.0,,
2022-07-25,20.280000686645508,20.280000686645508,18.360000610351562,18.84000015258789,8583.0,,
2022-07-26,18.600000381469727,19.29599952697754,16.68000030517578,17.399999618530273,107342.0,,
2022-07-27,16.920000076293945,17.399999618530273,15.359999656677246,15.479999542236328,36983.0,,
2022-07-28,15.239999771118164,17.74799919128418,15.239999771118164,17.639999389648438,50017.0,,
2022-07-29,17.15999984741211,17.8799991607666,16.200000762939453,16.559999465942383,12300.0,,
2022-08-01,16.559999465942383,17.399999618530273,15.960000038146973,16.31999969482422,12942.0,,
2022-08-02,16.920000076293945,17.520000457763672,15.960000038146973,17.040000915527344,72075.0,,
2022-08-03,17.399999618530273,19.799999237060547,16.920000076293945,18.0,124600.0,,
2022-08-04,17.8799991607666,18.239999771118164,16.31999969482422,18.239999771118164,43383.0,,
2022-08-05,17.520000457763672,18.360000610351562,17.040000915527344,18.0,18100.0,,
2022-08-08,17.639999389648438,18.600000381469727,17.15999984741211,17.15999984741211,26958.0,,
2022-08-09,17.520000457763672,17.639999389648438,16.440000534057617,17.040000915527344,18142.0,,
2022-08-10,17.040000915527344,18.239999771118164,16.799999237060547,17.8799991607666,48067.0,,
2022-08-11,18.600000381469727,18.93600082397461,15.0,16.559999465942383,122050.0,,
2022-08-12,16.200000762939453,17.15999984741211,14.880000114440918,15.600000381469727,50825.0,,
2022-08-15,15.84000015258789,16.079999923706055,14.760000228881836,15.479999542236328,19167.0,,
2022-08-16,15.84000015258789,15.84000015258789,14.279999732971191,14.520000457763672,35050.0,,
2022-08-17,14.291999816894531,14.880000114440918,13.800000190734863,14.279999732971191,28900.0,,
2022-08-18,14.039999961853027,17.280000686645508,14.039999961853027,15.600000381469727,84525.0,,
2022-08-19,15.600000381469727,15.600000381469727,14.039999961853027,14.640000343322754,21717.0,,
2022-08-22,14.279999732971191,14.699999809265137,13.680000305175781,13.920000076293945,24383.0,,
2022-08-23,14.279999732971191,15.119999885559082,13.800000190734863,14.520000457763672,30517.0,,
2022-08-24,14.604000091552734,14.880000114440918,13.800000190734863,14.760000228881836,29258.0,,
2022-08-25,14.399999618530273,14.9399995803833,13.800000190734863,14.640000343322754,45033.0,,
2022-08-26,14.399999618530273,15.359999656677246,13.920000076293945,15.0,29908.0,,
2022-08-29,14.640000343322754,15.84000015258789,14.399999618530273,15.239999771118164,27467.0,,
2022-08-30,14.880000114440918,15.600000381469727,14.640000343322754,15.600000381469727,8900.0,,
2022-08-31,15.600000381469727,15.720000267028809,15.0,15.359999656677246,10850.0,,
2022-09-01,15.0,15.359999656677246,13.5600004196167,14.399999618530273,26375.0,,
2022-09-02,14.279999732971191,14.880000114440918,14.039999961853027,14.279999732971191,7325.0,,
2022-09-06,14.399999618530273,14.520000457763672,13.680000305175781,14.039999961853027,6558.0,,
2022-09-07,13.800000190734863,14.399999618530273,13.692000389099121,13.920000076293945,6533.0,,
2022-09-08,13.800000190734863,14.520000457763672,13.800000190734863,14.279999732971191,1492.0,,
2022-09-09,14.279999732971191,15.0,14.220000267028809,14.699999809265137,10025.0,,
2022-09-12,14.399999618530273,15.0,14.15999984741211,14.640000343322754,15233.0,,
2022-09-13,14.15999984741211,14.880000114440918,13.920000076293945,14.880000114440918,10992.0,,
2022-09-14,14.039999961853027,14.880000114440918,13.800000190734863,13.800000190734863,17675.0,,
2022-09-15,13.5600004196167,14.399999618530273,13.5600004196167,14.279999732971191,3125.0,,
2022-09-16,14.279999732971191,14.279999732971191,13.5600004196167,14.039999961853027,11883.0,,
2022-09-19,13.5600004196167,14.399999618530273,13.45199966430664,13.920000076293945,2750.0,,
2022-09-20,13.763999938964844,14.15999984741211,12.84000015258789,13.680000305175781,35875.0,,
2022-09-21,13.680000305175781,14.399999618530273,13.319999694824219,13.5600004196167,37100.0,,
2022-09-22,13.680000305175781,14.039999961853027,12.119999885559082,12.720000267028809,26767.0,,
2022-09-23,12.0,12.960000038146973,12.0,12.479999542236328,18017.0,,
2022-09-26,12.119999885559082,12.600000381469727,12.0,12.359999656677246,8783.0,,
2022-09-27,12.359999656677246,12.84000015258789,11.640000343322754,12.359999656677246,20558.0,,
2022-09-28,12.239999771118164,12.84000015258789,11.640000343322754,12.84000015258789,9167.0,,
2022-09-29,12.600000381469727,12.720000267028809,12.0,12.479999542236328,5250.0,,
2022-09-30,12.03600025177002,13.079999923706055,12.01200008392334,12.600000381469727,8108.0,,
2022-10-03,12.84000015258789,12.85200023651123,12.0,12.239999771118164,8658.0,,
2022-10-04,12.720000267028809,13.800000190734863,12.359999656677246,12.359999656677246,49008.0,,
2022-10-05,11.868000030517578,13.008000373840332,11.868000030517578,12.479999542236328,9733.0,,
2022-10-06,12.359999656677246,14.15999984741211,11.819999694824219,13.319999694824219,83225.0,,
2022-10-07,13.4399995803833,13.4399995803833,12.359999656677246,12.359999656677246,37758.0,,
2022-10-10,12.119999885559082,12.84000015258789,11.772000312805176,12.239999771118164,25942.0,,
2022-10-11,12.0,12.359999656677246,11.520000457763672,11.640000343322754,12025.0,,
2022-10-12,11.760000228881836,12.239999771118164,11.460000038146973,11.736000061035156,24883.0,,
2022-10-13,11.760000228881836,12.479999542236328,11.15999984741211,12.0,23967.0,,
2022-10-14,12.359999656677246,12.359999656677246,11.279999732971191,11.496000289916992,13008.0,,
2022-10-17,11.795999526977539,12.119999885559082,11.520000457763672,11.97599983215332,13142.0,,
2022-10-18,12.119999885559082,12.359999656677246,11.399999618530273,11.520000457763672,23483.0,,
2022-10-19,11.675999641418457,13.079999923706055,11.399999618530273,11.760000228881836,149275.0,,
2022-10-20,11.880000114440918,12.239999771118164,11.12399959564209,11.880000114440918,32317.0,,
2022-10-21,12.119999885559082,12.600000381469727,11.663999557495117,12.0,21767.0,,
2022-10-24,12.479999542236328,12.600000381469727,11.579999923706055,11.663999557495117,7883.0,,
2022-10-25,11.640000343322754,12.600000381469727,10.991999626159668,12.359999656677246,37642.0,,
2022-10-26,12.239999771118164,12.600000381469727,11.640000343322754,11.772000312805176,16275.0,,
2022-10-27,11.819999694824219,12.239999771118164,11.699999809265137,11.723999977111816,25383.0,,
2022-10-28,11.843999862670898,12.0,11.411999702453613,11.640000343322754,12183.0,,
2022-10-31,12.0600004196167,12.359999656677246,11.640000343322754,11.880000114440918,54608.0,,
2022-11-01,12.0,12.239999771118164,11.579999923706055,11.819999694824219,16542.0,,
2022-11-02,11.819999694824219,12.0,11.567999839782715,11.640000343322754,11517.0,,
2022-11-03,11.520000457763672,11.819999694824219,11.520000457763672,11.640000343322754,4967.0,,
2022-11-04,11.555999755859375,11.699999809265137,11.15999984741211,11.579999923706055,10292.0,,
2022-11-07,11.291999816894531,11.640000343322754,11.244000434875488,11.399999618530273,5592.0,,
2022-11-08,11.423999786376953,11.579999923706055,10.583999633789062,10.800000190734863,18550.0,,
2022-11-09,10.800000190734863,11.399999618530273,9.972000122070312,10.380000114440918,28867.0,,
2022-11-10,10.800000190734863,11.32800006866455,10.4399995803833,11.015999794006348,24617.0,,
2022-11-11,10.800000190734863,11.37600040435791,10.680000305175781,10.739999771118164,8750.0,,
2022-11-14,10.920000076293945,11.279999732971191,10.727999687194824,10.895999908447266,13708.0,,
2022-11-15,10.871999740600586,12.479999542236328,10.776000022888184,11.795999526977539,34317.0,,
2022-11-16,11.652000427246094,12.479999542236328,11.399999618530273,11.9399995803833,25883.0,,
2022-11-17,12.0,12.239999771118164,11.699999809265137,12.239999771118164,5517.0,,
2022-11-18,12.0,12.239999771118164,11.531999588012695,11.880000114440918,4158.0,,
2022-11-21,11.520000457763672,11.880000114440918,11.100000381469727,11.232000350952148,7567.0,,
2022-11-22,11.37600040435791,11.399999618530273,10.51200008392334,10.800000190734863,18900.0,,
2022-11-23,11.039999961853027,11.399999618530273,10.319999694824219,11.35200023651123,12383.0,,
2022-11-25,11.35200023651123,11.760000228881836,11.279999732971191,11.760000228881836,2058.0,,
2022-11-28,11.640000343322754,11.760000228881836,11.220000267028809,11.723999977111816,5975.0,,
2022-11-29,11.399999618530273,11.640000343322754,10.920000076293945,11.520000457763672,8083.0,,
2022-11-30,11.520000457763672,12.600000381469727,11.220000267028809,12.600000381469727,13150.0,,
2022-12-01,12.239999771118164,12.960000038146973,12.131999969482422,12.696000099182129,6175.0,,
2022-12-02,12.479999542236328,13.4399995803833,12.359999656677246,13.199999809265137,8392.0,,
2022-12-05,13.5600004196167,14.15999984741211,12.960000038146973,13.079999923706055,18317.0,,
2022-12-06,13.4399995803833,13.5600004196167,12.239999771118164,12.600000381469727,6675.0,,
2022-12-07,12.0,12.960000038146973,11.855999946594238,12.600000381469727,27850.0,,
2022-12-08,12.479999542236328,13.199999809265137,12.239999771118164,12.84000015258789,3717.0,,
2022-12-09,12.720000267028809,12.84000015258789,12.239999771118164,12.479999542236328,7408.0,,
2022-12-12,12.239999771118164,12.84000015258789,12.180000305175781,12.720000267028809,5733.0,,
2022-12-13,12.960000038146973,12.960000038146973,12.359999656677246,12.65999984741211,9658.0,,
2022-12-14,12.119999885559082,12.767999649047852,11.9399995803833,12.0,6242.0,,
2022-12-15,12.119999885559082,12.119999885559082,11.37600040435791,11.687999725341797,7242.0,,
2022-12-16,11.855999946594238,12.0,11.508000373840332,11.760000228881836,5925.0,,
2022-12-19,11.543999671936035,11.760000228881836,10.800000190734863,10.847999572753906,7417.0,,
2022-12-20,10.199999809265137,11.13599967956543,10.199999809265137,10.680000305175781,8917.0,,
2022-12-21,10.920000076293945,10.920000076293945,10.355999946594238,10.355999946594238,2375.0,,
2022-12-22,10.368000030517578,10.4399995803833,10.199999809265137,10.319999694824219,2583.0,,
2022-12-23,10.319999694824219,10.800000190734863,10.199999809265137,10.199999809265137,7475.0,,
2022-12-27,10.211999893188477,10.619999885559082,9.251999855041504,10.175999641418457,11842.0,,
2022-12-28,9.960000038146973,10.668000221252441,9.479999542236328,9.960000038146973,2217.0,,
2022-12-29,10.46399974822998,10.5600004196167,9.935999870300293,10.54800033569336,5017.0,,
2022-12-30,10.128000259399414,10.631999969482422,9.767999649047852,10.079999923706055,7508.0,,
