Date,Open,High,Low,Close,Volume,SharesOutstanding,Turnover
2017-06-14,6.1984728302215775,6.41461717137116,6.139207317659754,6.3135175704956055,3368100.0,,
2017-06-15,6.3623247146606445,6.369297284892663,6.310031767802298,6.3623247146606445,531000.0,,
2017-06-16,6.344893095003078,6.389515942588477,6.344893095003078,6.3727827072143555,182800.0,,
2017-06-19,6.372783115347883,6.390213874743451,6.330948361881333,6.379755020141602,201200.0,,
2017-06-20,6.330949614110117,6.418104758208484,6.205445993827354,6.39718770980835,343600.0,,
2017-06-21,6.379754306338701,6.41113020169289,6.330947653539197,6.384634971618652,187200.0,,
2017-06-22,6.379756282024089,6.404160280922055,6.348380376953398,6.39718770980835,348600.0,,
2017-06-23,6.39718616352328,6.414616922153315,6.36232398132239,6.369296550750732,222300.0,,
2017-06-26,6.411132789490964,6.449481269278619,6.397188310894299,6.442508697509766,385600.0,,
2017-06-27,6.449478754312552,6.449478754312552,6.414616574003787,6.445992469787598,176900.0,,
2017-06-28,6.47445180907742,6.510025175810275,6.44350254576801,6.4708943367004395,153500.0,,
2017-06-29,6.45310847116938,6.524256578169948,6.374846096283665,6.41397762298584,159700.0,,
2017-06-30,6.406862258911133,6.470895415333519,6.406862258911133,6.406862258911133,110300.0,,
2017-07-03,6.453106295803477,6.527811850822418,6.423936111011156,6.517139434814453,69200.0,,
2017-07-05,6.449551070197087,6.510026758269255,6.438879328990532,6.478010177612305,109500.0,,
2017-07-06,6.474453334710552,6.510026709825879,6.435321807861328,6.435321807861328,25900.0,,
2017-07-07,6.435320053052015,6.488680779693023,6.421090164071239,6.445992469787598,30200.0,,
2017-07-10,6.474451204494347,6.492237886199858,6.40686059268026,6.431762218475342,84300.0,,
2017-07-11,6.442437402355763,6.485125728195756,6.431764981636412,6.467339038848877,99300.0,,
2017-07-12,6.485125728195756,6.509316277085469,6.456666618129526,6.467339038848877,96000.0,,
2017-07-13,6.474453382889215,6.492240070579235,6.46733843640575,6.478010177612305,89400.0,,
2017-07-14,6.481567859649659,6.492240279718655,6.463781171386662,6.481567859649658,47500.0,,
2017-07-17,6.49224067534199,6.54915889547445,6.467339038848877,6.467339038848877,85500.0,,
2017-07-18,6.428207508063295,6.524257258981337,6.428207508063295,6.467339038848877,120900.0,,
2017-07-19,6.4922382519382165,6.516784335467139,6.438877525297209,6.445992469787598,103300.0,,
2017-07-20,6.456664831833223,6.517140508807643,6.403304100036621,6.403304100036621,231900.0,,
2017-07-21,6.3855167717015515,6.51678430795838,6.3855167717015515,6.474451541900635,90600.0,,
2017-07-24,6.474453047559732,6.549157946211019,6.474453047559732,6.538485527038574,137000.0,,
2017-07-25,6.478011816815059,6.581176531374281,6.478011816815059,6.556274890899658,82000.0,,
2017-07-26,6.552717416757739,6.581176531374281,6.538487520190061,6.556274890899658,44400.0,,
2017-07-27,6.542042699717267,6.581174223034226,6.538485226823127,6.570501804351807,79400.0,,
2017-07-28,6.577615947492362,6.598960103734056,6.570501002572299,6.581173419952393,70300.0,,
2017-07-31,6.5847323830223665,6.5989615975651175,6.570502489960969,6.574059963226318,49200.0,,
2017-08-01,6.581173865812787,6.634534599291346,6.563387180826115,6.609632968902588,72700.0,,
2017-08-02,6.6096313522003785,6.616746295862163,6.57405731240983,6.577614784240723,70100.0,,
2017-08-03,6.563389015097474,6.630978979751041,6.563389015097474,6.6167497634887695,133100.0,,
2017-08-04,6.6167491970928065,6.6167491970928065,6.588290088485643,6.59896183013916,84300.0,,
2017-08-07,6.584732021734431,6.616748600847259,6.527813809649094,6.6131911277771,147000.0,,
2017-08-08,6.613190624341959,6.613190624341959,6.5633873621882595,6.591846466064453,38100.0,,
2017-08-09,6.563388443611422,6.591847552176708,6.5278143882751465,6.5278143882751465,165900.0,,
2017-08-10,6.542044639587402,6.595406070303838,6.527815422310122,6.542044639587402,68900.0,,
2017-08-11,6.595403310211512,6.595403310211512,6.52781269050361,6.531370162963867,86400.0,,
2017-08-14,6.538487581136871,6.580821048857143,6.527815837130452,6.549160003662109,58200.0,,
2017-08-15,6.570501002989711,6.574058475449967,6.438877914552657,6.531370162963867,129900.0,,
2017-08-16,6.556271878123313,6.556271878123313,6.4783650622162705,6.545599460601807,36600.0,,
2017-08-17,6.545600094054094,6.556272512608427,6.47445267258091,6.506469249725342,54800.0,,
2017-08-18,6.4744540296661475,6.5562738868436075,6.4744540296661475,6.5100274085998535,18300.0,,
2017-08-21,6.524257302988304,6.524257302988304,6.47801082474455,6.5100274085998535,18500.0,,
2017-08-22,6.51002840557352,6.556274890899658,6.5036252235255905,6.556274890899658,27800.0,,
2017-08-23,6.531371259442219,6.574059579094781,6.495797207386013,6.538485527038574,28300.0,,
2017-08-24,6.534215955689968,6.577260490952658,6.520697831570127,6.545599460601807,22700.0,,
2017-08-25,6.577615947492362,6.584730892412424,6.542041901410542,6.581173419952393,11800.0,,
2017-08-28,6.584731520465765,6.616748097141303,6.549157470990884,6.591846466064453,61800.0,,
2017-08-29,6.616748844793314,6.616748844793314,6.556273157408201,6.588289737701416,58400.0,,
2017-08-30,6.609633688764884,6.609633688764884,6.53492878946242,6.5847320556640625,49500.0,,
2017-08-31,6.584730892412424,6.602517576194088,6.538484428950511,6.581173419952393,36500.0,,
2017-09-01,6.613189993574181,6.613189993574181,6.549156846330605,6.581173419952393,28000.0,,
2017-09-05,6.556271523534197,6.581173151219098,6.5349273681640625,6.5349273681640625,45200.0,,
2017-09-06,6.5562745353834595,6.606077813632104,6.538487165638388,6.542044639587402,27100.0,,
2017-09-07,6.581172256071614,6.606429423997064,6.545598216281066,6.577614784240723,19600.0,,
2017-09-08,6.616748823919718,6.616748823919718,6.474453288909122,6.513584136962891,46500.0,,
2017-09-11,6.538486139534104,6.652323252481428,6.537775051967161,6.59896183013916,138900.0,,
2017-09-12,6.577614784240723,6.577614784240723,6.5242540638140865,6.577614784240723,75800.0,,
2017-09-13,6.552715301513672,6.57405946095639,6.545600355526567,6.552715301513672,111700.0,,
2017-09-14,6.545599373870573,6.588288364872455,6.524610761319334,6.581173419952393,107800.0,,
2017-09-15,6.54560252948703,6.847981049180586,6.537420949551285,6.549160003662109,628800.0,,
2017-09-18,6.545601050271981,6.673311833776834,6.524256888563809,6.627420902252197,57300.0,,
2017-09-19,6.634534149815876,6.652321512116032,6.552714318790636,6.581173419952393,103100.0,,
2017-09-20,6.741257845520427,6.741257845520427,6.5669450472991935,6.719913005828857,122100.0,,
2017-09-21,6.680781093278332,6.769715875613419,6.56730022416839,6.630977153778076,233200.0,,
2017-09-22,6.616746754364834,6.751927300714107,6.613189282287429,6.655877590179443,73900.0,,
2017-09-25,6.659436669870355,6.743035587574411,6.6238632975456015,6.687895774841309,59800.0,,
2017-09-26,6.709241509400302,6.7590447801279,6.6761576173375365,6.695011615753174,54000.0,,
2017-09-27,6.737700054063776,6.737700054063776,6.637381754917876,6.680781841278076,136700.0,,
2017-09-28,6.749728868791252,6.815048934991175,6.749728868791252,6.789646148681641,133800.0,,
2017-09-29,6.782391243605377,6.854968581654055,6.64739671652255,6.829566478729248,315800.0,,
2017-10-02,6.865854565650079,6.894522945999052,6.74973028674649,6.804163455963135,62400.0,,
2017-10-03,6.822306843256531,6.891255885614383,6.7715026500219135,6.851337909698486,111100.0,,
2017-10-04,6.822308534217797,6.854968578579441,6.786020211287431,6.836824417114258,120300.0,,
2017-10-05,6.851338682611971,6.851338682611971,6.76787444369498,6.8114213943481445,126200.0,,
2017-10-06,6.815050568507707,6.847710609436035,6.756262356405651,6.847710609436035,93400.0,,
2017-10-09,6.851338994387969,6.851338994387969,6.7243284911933925,6.735214710235596,66500.0,,
2017-10-10,6.764245749709636,6.818679613287971,6.720699489433363,6.760616779327393,91800.0,,
2017-10-11,6.76787304907608,6.833193115518025,6.727955769037791,6.764244079589844,84200.0,,
2017-10-12,6.767875907978607,6.840453944051615,6.7388448319804946,6.771504878997803,63500.0,,
2017-10-13,6.786020251171506,6.804164412743329,6.731586382145243,6.796906471252441,42400.0,,
2017-10-16,6.758800969682746,6.847708991684559,6.758800969682746,6.786017894744873,63300.0,,
2017-10-17,6.804162050016187,6.8440800221992655,6.749728892047089,6.786017894744873,48000.0,,
2017-10-18,6.811421672523482,6.83319480266162,6.717070519051118,6.760616779327393,63100.0,,
2017-10-19,6.76787495218841,6.847710919025008,6.738843880290197,6.778761863708496,89000.0,,
2017-10-20,6.793277053579927,6.833195036998227,6.749730791810284,6.778761863708496,78000.0,,
2017-10-23,6.771503722072045,6.804163763509316,6.717070550395037,6.735214710235596,49700.0,,
2017-10-24,6.7787607284128555,6.792913226509985,6.720698594340581,6.724327564239502,79000.0,,
2017-10-25,6.756989286306984,6.771504477367394,6.539618572591353,6.706184387207031,102700.0,,
2017-10-26,6.7315863236955895,6.7315863236955895,6.629977912326998,6.644493103027344,49000.0,,
2017-10-27,6.6263486027606815,6.749368142697236,6.6263486027606815,6.73158597946167,74700.0,,
2017-10-30,6.742471724418296,6.76424485166576,6.68440959032157,6.709811687469482,64900.0,,
2017-10-31,6.735214497101115,6.764245567220526,6.686224436495489,6.727957248687744,120200.0,,
2017-11-01,6.7497296642191955,6.7497296642191955,6.689852699094627,6.709811687469482,40100.0,,
2017-11-02,6.695297723532532,6.717070854758853,6.677152870714463,6.680781841278076,55900.0,,
2017-11-03,6.684410850274643,6.684410850274643,6.640863895416261,6.64086389541626,29800.0,,
2017-11-06,6.64449048033396,6.66626429602307,6.535624170508885,6.6481194496154785,56200.0,,
2017-11-07,6.677152978559428,6.677152978559428,6.568286628514123,6.582801818847656,75500.0,,
2017-11-08,6.557397578424113,6.633604552330705,6.557397578424113,6.593686580657959,95800.0,,
2017-11-09,6.651750807169698,6.668080828722171,6.62271973464923,6.64086389541626,55200.0,,
2017-11-10,6.677152356862293,6.749004307319484,6.6444923164585425,6.727957248687744,36500.0,,
2017-11-13,6.717071850274349,6.763521711355283,6.6227206781029935,6.655380725860596,28700.0,,
2017-11-14,6.659007786836485,6.731585111580442,6.640862936534046,6.662636756896973,30300.0,,
2017-11-15,6.662637718923135,6.738844024731098,6.640863895416261,6.64086389541626,18700.0,,
2017-11-16,6.64449164002427,6.691667556762695,6.640862670109374,6.691667556762695,25600.0,,
2017-11-17,6.717068912206876,6.717068912206876,6.659006784291135,6.6989240646362305,29200.0,,
2017-11-20,6.709813867659514,6.749731857379602,6.673524849019021,6.688040733337402,20200.0,,
2017-11-21,6.720700543082704,6.742473676634361,6.6844115257263175,6.684411525726318,17600.0,,
2017-11-22,6.713440654542738,6.73158481188211,6.680780617607678,6.724327564239502,30400.0,,
2017-11-24,6.749731780944506,6.756989723021507,6.706184820637955,6.746102809906006,29800.0,,
2017-11-27,6.756987602595791,6.756987602595791,6.702553746255753,6.717069625854492,16700.0,,
2017-11-28,6.735214949990029,6.735214949990029,6.669894864790278,6.73158597946167,50700.0,,
2017-11-29,6.746102882497188,6.753360824652287,6.660823792563421,6.695298671722412,12700.0,,
2017-11-30,6.698925936861794,6.7566253915985985,6.698925936861794,6.73158597946167,23600.0,,
2017-12-01,6.7569897995387915,6.7569897995387915,6.684411762257806,6.688040733337402,24100.0,,
2017-12-04,6.749729662796421,6.749729662796421,6.698924776356068,6.717069625854492,17800.0,,
2017-12-05,6.746101655614238,6.749730626031803,6.680781572408732,6.702554702758789,35400.0,,
2017-12-06,6.749731618536726,6.749731618536726,6.680782554775136,6.684411525726318,23000.0,,
2017-12-07,6.738844265123458,6.738844265123458,6.644493103027344,6.644493103027344,28200.0,,
2017-12-08,6.677151677103107,6.746100721175676,6.623081202035045,6.691667556762695,29400.0,,
2017-12-11,6.702555517304938,6.713442429880695,6.593689160169039,6.63723611831665,128900.0,,
2017-12-12,6.669894342395421,6.669894342395421,6.542883844627262,6.561028003692627,137600.0,,
2017-12-13,6.542885886145564,6.542885886145564,6.241688183455482,6.2779765129089355,603800.0,,
2017-12-14,6.277975696143026,6.277975696143026,6.158222424922208,6.183625221252441,667000.0,,
2017-12-15,6.241685571380534,6.3741398564904665,6.205396564958102,6.3033766746521,198800.0,,
2017-12-18,6.361439437230938,6.455790586398775,6.361439437230938,6.383212566375732,285500.0,,
2017-12-19,6.4231309546816995,6.502966228054946,6.386841942364645,6.455790996551514,248600.0,,
2017-12-20,6.492079629758111,6.640863964492535,6.377770169857153,6.582801818847656,280900.0,,
2017-12-21,6.626350175399059,6.646309171964245,6.531998995735331,6.608205318450928,114000.0,,
2017-12-22,6.640864841454788,6.659009696962047,6.559215414216246,6.655380725860596,151900.0,,
2017-12-26,6.6590078748977595,6.854967415668679,6.635057225906021,6.800534248352051,385800.0,,
2017-12-27,6.854966138376602,6.952946236582979,6.795089873131691,6.8876261711120605,439900.0,,
2017-12-28,6.984479449965369,7.222882787831497,6.950953891765696,7.122306823730469,337800.0,,
2017-12-29,7.144659333121118,7.5618653130197115,7.1074086215770444,7.465014457702637,1566700.0,,
2018-01-02,7.461286591648921,7.479911585372524,6.846651851798479,6.883902549743652,300300.0,,
2018-01-03,6.895079336513814,6.973305178228009,6.768799665748775,6.9360551834106445,84700.0,,
2018-01-04,6.921154290794369,7.006830411632166,6.872728873515897,6.909978866577148,120300.0,,
2018-01-05,6.92860500502174,6.92860500502174,6.818715813453318,6.872729301452637,105500.0,,
2018-01-08,6.8876276905879665,6.8876276905879665,6.828399159009917,6.883902549743652,88100.0,,
2018-01-09,6.891354377119349,6.902529802158869,6.722236639444885,6.790777683258057,176100.0,,
2018-01-10,6.779602700201999,6.891354104178629,6.74607713690939,6.801952838897705,177300.0,,
2018-01-11,6.828029054763563,6.887629906451223,6.7907783448342265,6.8615546226501465,47200.0,,
2018-01-12,6.854102697144358,6.891353398152898,6.824302278437131,6.880177974700928,79700.0,,
2018-01-16,6.876453614466329,6.8872567381794845,6.828028195004472,6.857828617095947,205300.0,,
2018-01-17,6.857828832489053,6.891354397207209,6.7349019986885255,6.839203834533691,111500.0,,
2018-01-18,6.880178106890877,6.883903248113105,6.790776849051517,6.80567741394043,159400.0,,
2018-01-19,6.805677115461213,6.935681199074555,6.72745057422131,6.798226833343506,99700.0,,
2018-01-22,6.798226625725612,6.939778429149004,6.727450368764924,6.757250785827637,145200.0,,
2018-01-23,6.772150815804015,6.8909801737432215,6.742350401090272,6.779601097106934,116200.0,,
2018-01-24,6.816852701294419,6.816852701294419,6.753526716178652,6.772152423858643,70000.0,,
2018-01-25,6.8019512305177585,6.816478781709898,6.727449838484435,6.779601097106934,75900.0,,
2018-01-26,6.783326485344543,6.783326485344543,6.7162760756418,6.7498016357421875,91500.0,,
2018-01-29,6.734900386484004,6.7833257958747195,6.705099970590188,6.70882511138916,100000.0,,
2018-01-30,6.705100271279155,6.775876528637651,6.656674859716811,6.6864752769470215,93300.0,,
2018-01-31,6.716275694177231,6.764701105739576,6.67157471308292,6.6864752769470215,121700.0,,
2018-02-01,6.671575248197348,6.779229201907627,6.645499969841714,6.664124965667725,67300.0,,
2018-02-02,6.623147564500634,6.667847823373639,6.541195905737117,6.559821605682373,104200.0,,
2018-02-05,6.5411982638690525,6.872728737434817,6.243194062291124,6.481597423553467,294900.0,,
2018-02-06,6.425720722281067,6.5970729338362135,6.388470025269703,6.5635480880737305,173200.0,,
2018-02-07,6.5598235920698675,6.738626102700884,6.500222755192862,6.6454997062683105,225200.0,,
2018-02-08,6.664125293607668,6.679025859400168,6.496498191430544,6.522573471069336,79500.0,,
2018-02-09,6.548648571060708,6.734901375369031,6.410821183253401,6.530023574829102,155500.0,,
2018-02-12,6.582175224303888,6.775878343428978,6.51884923191677,6.671576499938965,92800.0,,
2018-02-13,6.638050170555113,6.787052279504534,6.6305998874831165,6.772152423858643,110100.0,,
2018-02-14,6.734901912667587,6.760977193671302,6.638050361440846,6.705101490020752,124700.0,,
2018-02-15,6.7349017463326755,6.743469642950057,6.564294099981235,6.652950763702393,170900.0,,
2018-02-16,6.619424711857519,6.7758770929708545,6.619424711857519,6.742351531982422,104500.0,,
2018-02-20,6.705100456196564,6.77960185657573,6.608248919902852,6.619424343109131,100800.0,,
2018-02-21,6.615698604111523,6.775503091679461,6.5933484702169896,6.604523181915283,87600.0,,
2018-02-22,6.645503099982037,6.686478962697216,6.53002650837371,6.5561017990112305,223300.0,,
2018-02-23,6.608247538922787,6.657790554837653,6.42944506797623,6.537471294403076,115800.0,,
2018-02-26,6.582172267388646,6.652948511908357,6.515121163159222,6.537471294403076,53600.0,,
2018-02-27,6.537472194035137,6.611973589097389,6.440621375151351,6.47042179107666,101100.0,,
2018-02-28,6.619425035895189,6.839203408467823,6.421996801576256,6.433172225952148,305500.0,,
2018-03-01,6.444347343552715,6.613465081779337,6.336321076477171,6.3772969245910645,124900.0,,
2018-03-02,6.381020974533119,6.513261009954692,6.313970559577583,6.343770980834961,344700.0,,
2018-03-05,6.414546423720211,6.489047830794,6.3065201650111,6.466697692871094,270800.0,,
2018-03-06,6.489047048378416,6.597073294062284,6.414545650287619,6.518847465515137,166900.0,,
2018-03-07,6.515123069473158,6.593349617462396,6.410821242320199,6.5076727867126465,100500.0,,
2018-03-08,6.530022202675042,6.60079774188153,6.503946218732851,6.597072601318359,59400.0,,
2018-03-09,6.63804942403418,6.679025265823879,6.6082490055956775,6.6454997062683105,70200.0,,
2018-03-12,6.66039881533987,6.690199230445495,6.53747201421692,6.626873970031738,48400.0,,
2018-03-13,6.660399653553636,6.660399653553636,6.537472836960301,6.611974239349365,102900.0,,
2018-03-14,6.623148919092733,6.660398905606147,6.53747210281721,6.5635480880737305,65400.0,,
2018-03-15,6.597074336146201,6.6119749023172725,6.388471383237913,6.574724197387695,131900.0,,
2018-03-16,6.611975249404851,6.775877933399999,6.5765874686380705,6.727451801300049,480800.0,,
2018-03-19,6.705101579833885,6.749802569651955,6.576959689686259,6.701376438140869,94700.0,,
2018-03-20,6.701376925150657,6.7311773503623495,6.6157007914793144,6.671576499938965,107000.0,,
2018-03-21,6.69392484838108,6.734900688509366,6.611973878622501,6.6864752769470215,61500.0,,
2018-03-22,6.630600247598285,6.776995546971308,6.52816133653812,6.727451801300049,137200.0,,
2018-03-23,6.742352411142496,6.742352411142496,6.570999442580715,6.578449726104736,125400.0,,
2018-03-26,6.660399943367672,6.742351631661213,6.623149951050311,6.679025650024414,52700.0,,
2018-03-27,6.701375701108821,6.701375701108821,6.4257216406258,6.455522060394287,203300.0,,
2018-03-28,6.623000100952141,6.733383786867189,6.546874096940182,6.642032146453857,287800.0,,
2018-03-29,6.680093992829205,6.8323474347839825,6.615386497797889,6.813315391540527,331500.0,,
2018-04-02,6.790479115316287,6.815220413815583,6.687708237856172,6.779059886932373,51900.0,,
2018-04-03,6.809510026521855,6.870411122238222,6.744802521573424,6.790478706359863,61300.0,,
2018-04-04,6.725769949855192,6.8627977527175394,6.725769949855192,6.828540802001953,33800.0,,
2018-04-05,6.851377112069348,6.889440463447119,6.760025504361522,6.878021240234375,97300.0,,
2018-04-06,6.847574681431381,6.905050527853614,6.710546827284277,6.752416610717773,56400.0,,
2018-04-09,6.771447499343575,6.836154279374878,6.714352085906923,6.733384132385254,48200.0,,
2018-04-10,6.801896668333873,6.866604161241293,6.779058217191353,6.828540802001953,68600.0,,
2018-04-11,6.7409952947943585,6.77905865650035,6.6991262503161835,6.748608112335205,71300.0,,
2018-04-12,6.763836051370527,6.812937507037321,6.706741352362592,6.72196626663208,46100.0,,
2018-04-13,6.7295777457350825,6.79694966589857,6.676289467413118,6.699127197265625,42700.0,,
2018-04-16,6.740997590968563,6.775254555573022,6.676290797825127,6.72196626663208,37800.0,,
2018-04-17,6.752415838564304,6.756222248077393,6.6800955098123795,6.756222248077393,62800.0,,
2018-04-18,6.775253363970469,6.813316731947499,6.714352265606564,6.786672592163086,113800.0,,
2018-04-19,6.798091934238896,6.798091934238896,6.721965197009544,6.779059886932373,68300.0,,
2018-04-20,6.801897249658794,6.817122159056813,6.744801842921023,6.771446704864502,51100.0,,
2018-04-23,6.817123917282147,6.817123917282147,6.761932063733336,6.782866954803467,32600.0,,
2018-04-24,6.813316163260738,6.828541799580056,6.762692301895772,6.809509754180908,122800.0,,
2018-04-25,6.7980897138081104,6.8171210289001465,6.744800724753768,6.8171210289001465,34400.0,,
2018-04-26,6.813314620682112,6.832346661772283,6.756219949407869,6.8171210289001465,47700.0,,
2018-04-27,6.832348188093718,6.851379507437281,6.779059187134809,6.843766689300537,24400.0,,
2018-04-30,6.851379528060735,6.874217256541414,6.787052448808723,6.809509754180908,73300.0,,
2018-05-01,6.820928321155293,6.828159989508135,6.779058551328455,6.8057026863098145,30500.0,,
2018-05-02,6.817123166656265,6.824735985479609,6.687708150652874,6.7029337882995605,60700.0,,
2018-05-03,6.699127174722599,6.779059591936567,6.66867662635561,6.733384132385254,60800.0,,
2018-05-04,6.676289467413118,6.745944652363017,6.579227845042864,6.699127197265625,63100.0,,
2018-05-07,6.710543776789596,6.8361523439921825,6.664868330169455,6.8171210289001465,60500.0,,
2018-05-08,6.794283601367079,6.80950850890387,6.718156885688626,6.729576110839844,78200.0,,
2018-05-09,6.760028994236848,6.8323493265902915,6.729578442614095,6.798092365264893,80000.0,,
2018-05-10,6.817121113639116,6.836152428967718,6.767639258185866,6.794283390045166,37400.0,,
2018-05-11,6.824734793033095,6.824734793033095,6.718157526123003,6.767640113830566,43100.0,,
2018-05-14,6.786672798183722,6.786672798183722,6.718158878944886,6.756222248077393,65200.0,,
2018-05-15,6.740995434071954,6.771446704864502,6.699126388728711,6.771446704864502,94300.0,,
2018-05-16,6.763834680752242,6.763834680752242,6.714352085906923,6.733384132385254,38000.0,,
2018-05-17,6.7067396540104065,6.790478476283575,6.6915140175980286,6.74099588394165,41900.0,,
2018-05-18,6.775252398962384,6.870410442352295,6.767640307249866,6.870410442352295,57100.0,,
2018-05-21,6.8932486878438795,6.897055096584609,6.82854119124795,6.851378917694092,80400.0,,
2018-05-22,6.897055690259447,6.897055690259447,6.771447094996362,6.843766689300537,49900.0,,
2018-05-23,6.839959691471904,6.885635870362421,6.794284238579621,6.851378917694092,93900.0,,
2018-05-24,6.851379528060735,6.851379528060735,6.78667202570023,6.809509754180908,29000.0,,
2018-05-25,6.7980909209450955,6.881829738616943,6.775252467581467,6.881829738616943,46100.0,,
2018-05-29,6.86660477815853,6.8928677651350485,6.828541415499458,6.836153507232666,47500.0,,
2018-05-30,6.851378900232699,6.885635852813721,6.836153265308585,6.885635852813721,43400.0,,
2018-05-31,6.878023017995924,6.927505605376196,6.851378882944191,6.91989278793335,73800.0,,
2018-06-01,6.927506765110164,6.954150904622392,6.866605667368399,6.889443397521973,56900.0,,
2018-06-04,6.957957313981047,6.957957313981047,6.8658440950973265,6.889443397521973,102600.0,,
2018-06-05,6.9122793117036085,6.92369853677955,6.855184638320228,6.916085720062256,33100.0,,
2018-06-06,6.923700219357839,6.996019817752553,6.881830443235808,6.980794906616211,142400.0,,
2018-06-07,6.976987632146935,7.005535335235215,6.900860907910355,6.957956314086914,98200.0,,
2018-06-08,6.976986813901893,6.988406038997634,6.935117047882339,6.965567588806152,68800.0,,
2018-06-11,6.992213347729916,6.999825439442435,6.843766306362841,6.870410442352295,297800.0,,
2018-06-12,6.828542209760403,6.851379939612911,6.645838192945319,6.699127197265625,451100.0,,
2018-06-13,6.740996086686209,6.740996086686209,6.642032351022499,6.6610636711120605,885700.0,,
2018-06-14,6.661062700588774,6.695319652557373,6.600161613977534,6.695319652557373,482300.0,,
2018-06-15,6.718157604004971,6.74137647982893,6.661062924140557,6.680094242095947,340200.0,,
2018-06-18,6.7029337882995605,6.729577928182901,6.661064010769533,6.7029337882995605,203200.0,,
2018-06-19,6.729576604525973,6.767639965157553,6.661062700588774,6.695319652557373,115700.0,,
2018-06-20,6.699127197265625,6.7409962476621645,6.653451011562269,6.699127197265625,291600.0,,
2018-06-21,6.729576830377151,6.729576830377151,6.664869332931284,6.680094242095947,47300.0,,
2018-06-22,6.710544786423517,6.851379007687431,6.672482150512738,6.680094242095947,111600.0,,
2018-06-25,6.6839014004192,6.71815835737907,6.642032351022499,6.6610636711120605,266600.0,,
2018-06-26,6.661063739606555,6.721964835717377,6.658399325726686,6.672482967376709,240300.0,,
2018-06-27,6.676289490110243,6.695320810718975,6.657257443503165,6.664870262145996,198400.0,,
2018-06-28,6.7854145889434045,6.7854145889434045,6.505442865538558,6.625986576080322,416300.0,,
2018-06-29,6.645427712492491,6.645427712492491,6.571546214356656,6.618208408355713,179300.0,,
2018-07-02,6.649317305807218,6.68820234979906,6.575435796389769,6.625986576080322,122400.0,,
2018-07-03,6.657092930679937,6.668757922023197,6.629872886981503,6.641538619995117,85600.0,,
2018-07-05,6.668758811500575,6.692089538969295,6.649316662221716,6.66098165512085,77600.0,,
2018-07-06,6.649314910230957,6.692087775708553,6.629872024404542,6.65320348739624,134500.0,,
2018-07-09,6.703756261780766,6.703756261780766,6.625986911530422,6.6648712158203125,206700.0,,
2018-07-10,6.680424650888356,6.727086106557932,6.660981759633978,6.7037553787231445,107600.0,,
2018-07-11,6.719310576833173,6.730975571451915,6.657094799964672,6.6648712158203125,91100.0,,
2018-07-12,6.657093915433854,6.6920896363107465,6.62598603113292,6.64542818069458,140600.0,,
2018-07-13,6.641539591944554,6.680424632676839,6.625986020653917,6.672647476196289,145000.0,,
2018-07-16,6.660980766680787,6.676535077365607,6.629872886981503,6.641538619995117,69400.0,,
2018-07-17,6.6882013145427,6.8009671088266215,6.67653558064971,6.758193492889404,203900.0,,
2018-07-18,6.7737489358174185,6.909846220612645,6.743418319299248,6.8981804847717285,125900.0,,
2018-07-19,6.921510364021347,6.991503287122557,6.882626066005513,6.940953254699707,151400.0,,
2018-07-20,6.960393935349454,6.995390389517239,6.882624614053486,6.964282512664795,123400.0,,
2018-07-23,6.972061645823395,6.995392374665938,6.859295096688523,6.944842338562012,164800.0,,
2018-07-24,6.987615171863753,6.987615171863753,6.8631836299613695,6.90984582901001,65700.0,,
2018-07-25,6.905955850314113,6.975948763859547,6.843740091978248,6.913733005523682,51800.0,,
2018-07-26,6.913733794506023,6.913733794506023,6.811854977977344,6.86318302154541,171800.0,,
2018-07-27,6.894291560787587,6.952618753729195,6.83207578942714,6.944842338562012,78600.0,,
2018-07-30,6.979838294385984,6.979838294385984,6.862794540014719,6.940953254699707,120200.0,,
2018-07-31,6.979838756747724,6.979838756747724,6.81263359418996,6.90984582901001,205000.0,,
2018-08-01,6.921510753752171,6.956507217273329,6.8429633993319685,6.929287910461426,86800.0,,
2018-08-02,6.9253978673715455,6.975948633619624,6.87873642032598,6.952617168426514,95100.0,,
2018-08-03,6.92150940702121,6.999279475640912,6.92150940702121,6.9681715965271,121100.0,,
2018-08-06,6.999279386816713,6.999279386816713,6.921509319183951,6.95650577545166,70800.0,,
2018-08-07,6.99150177843792,6.99150177843792,6.9292860250334884,6.987613201141357,60500.0,,
2018-08-08,6.999279517585561,6.999279517585561,6.878736578005951,6.917621612548828,138700.0,,
2018-08-09,6.67264743703858,6.820410442620042,6.67264743703858,6.695978164672852,340000.0,,
2018-08-10,6.727086077666761,6.754306125305987,6.688201778665935,6.699866771697998,126400.0,,
2018-08-13,6.703755371050021,6.727086098858105,6.6337624459553055,6.64542818069458,183800.0,,
2018-08-14,6.672645631552396,6.688199940213528,6.641537755900391,6.65320348739624,135300.0,,
2018-08-15,6.649315775337527,6.676535077365607,6.629872886981503,6.641538619995117,81200.0,,
2018-08-16,6.680424643241937,6.684313221488362,6.618208874640072,6.64542818069458,89700.0,,
2018-08-17,6.6337624459553055,6.672647486749088,6.594877405161523,6.64542818069458,214500.0,,
2018-08-20,6.629872952292361,6.682757015805424,6.563768614571395,6.622096538543701,119200.0,,
2018-08-21,6.64153956327717,6.727086059182577,6.618208835606688,6.668758869171143,52700.0,,
2018-08-22,6.680422839352554,6.750415745547349,6.633760654665935,6.715419292449951,109400.0,,
2018-08-23,6.711532527542871,6.711532527542871,6.62598603113292,6.64542818069458,106100.0,,
2018-08-24,6.6687594569678765,6.670704117086258,6.610432261815375,6.625986576080322,67600.0,,
2018-08-27,6.625986392643074,6.6337628078897355,6.61043207880874,6.629874229431152,91600.0,,
2018-08-28,6.645427204223386,6.649315781898428,6.575434289413347,6.614319324493408,158100.0,,
2018-08-29,6.610432261815375,6.6609822998354025,6.583212953522243,6.625986576080322,89900.0,,
2018-08-30,6.610431252410801,6.645427712492491,6.610431252410801,6.618208408355713,77400.0,,
2018-08-31,6.610431642319251,6.610431642319251,6.579323758375155,6.606543064117432,135300.0,,
2018-09-04,6.618208711946991,6.629873704729044,6.579323672109106,6.594877243041992,53500.0,,
2018-09-05,6.618206917987503,6.618206917987503,6.57932188868996,6.610429763793945,105400.0,,
2018-09-06,6.590986962767829,6.629871246517826,6.524882642054593,6.53265905380249,177600.0,,
2018-09-07,6.517105488636526,6.5559905140566945,6.513216911927492,6.53265905380249,111200.0,,
2018-09-10,6.552103623113224,6.6648694100076,6.536549312275179,6.622096538543701,181100.0,,
2018-09-11,6.653205884373454,6.653205884373454,6.559882223795348,6.625986576080322,102700.0,,
2018-09-12,6.64931575887264,6.668757905510167,6.571545688981825,6.583211421966553,97700.0,,
2018-09-13,6.622096036828564,6.649315337062543,6.5758224847604945,6.5909881591796875,99400.0,,
2018-09-14,6.672647389690437,6.672647389690437,6.610431621993546,6.66098165512085,269200.0,,
2018-09-17,6.660981702386214,6.715421055760128,6.6493167094043075,6.695978164672852,94500.0,,
2018-09-18,6.707643009489531,6.727085156327154,6.664869396442329,6.676535129547119,150600.0,,
2018-09-19,6.719307869646358,6.723196446842765,6.688199993745368,6.715419292449951,93400.0,,
2018-09-20,6.734863840806438,6.734863840806438,6.672648066796212,6.688202381134033,86800.0,,
2018-09-21,6.711533110970235,6.727086683637527,6.668759488211757,6.688202381134033,165300.0,,
2018-09-24,6.6532052794951095,6.7076438911320695,6.633762388431582,6.637650966644287,60700.0,,
2018-09-25,6.688201799734787,6.688201799734787,6.629873867708881,6.64542818069458,104800.0,,
2018-09-26,6.649317305807218,6.67653661410035,6.614320840381612,6.625986576080322,152900.0,,
2018-09-27,6.6776566782957865,6.713429901347511,6.65778300243689,6.681631565093994,231800.0,,
2018-09-28,6.673683594712073,6.705481935945132,6.625985703796356,6.63791036605835,204200.0,,
2018-10-01,6.6935562254886145,6.725354561742132,6.610085118990545,6.681631565093994,178800.0,,
2018-10-02,6.6538080903133965,6.749203098710863,6.5941863048314975,6.622009754180908,190700.0,,
2018-10-03,6.6379088789032625,6.6776562279404095,6.558412664564794,6.60213565826416,196500.0,,
2018-10-04,6.586236861401913,6.596173699791627,6.35569872335256,6.37557315826416,424600.0,,
2018-10-05,6.379547700853104,6.447119267670481,6.35967402278479,6.4232707023620605,302300.0,,
2018-10-08,6.4033959469574615,6.419294735110784,6.29607628392718,6.308000564575195,252100.0,,
2018-10-09,6.0695139166876135,6.259906310026167,6.0695139166876135,6.228505611419678,439200.0,,
2018-10-10,6.196706704016164,6.240429321290047,6.141059426431715,6.145034313201904,315700.0,,
2018-10-11,6.129135145187213,6.184782422771663,6.129135145187213,6.145034313201904,158600.0,,
2018-10-12,6.200681618800396,6.2960766273195246,6.113236004791496,6.1490092277526855,169800.0,,
2018-10-15,6.200681168711289,6.248378669508632,6.164907948346771,6.236454010009766,93800.0,,
2018-10-16,6.260303415299764,6.260303415299764,6.172857801138029,6.220555305480957,153300.0,,
2018-10-17,6.240429493629501,6.383522009713444,6.20068176202811,6.32390022277832,229500.0,,
2018-10-18,6.304027566756087,6.3477505740087565,6.268254714094121,6.319926738739014,150600.0,,
2018-10-19,6.315951343235269,6.37557351409946,6.265073848407026,6.343774795532227,141300.0,,
2018-10-22,6.363648833130145,6.365635897660077,6.2762032102349865,6.284152984619141,100500.0,,
2018-10-23,6.2364550575972855,6.331850454282345,6.2364550575972855,6.264278888702393,217200.0,,
2018-10-24,6.268253724635744,6.383522419016914,6.220555837150024,6.228505611419678,225400.0,,
2018-10-25,6.292101355203172,6.355698023654599,6.256328134432734,6.288126468658447,171100.0,,
2018-10-26,6.2523541641275875,6.276203107824794,6.188757486356505,6.212606430053711,104500.0,,
2018-10-29,6.23645552178407,6.331850925569523,6.220556350997517,6.248380184173584,70100.0,,
2018-10-30,6.2762031198392965,6.28415289410895,6.149009764053646,6.228505611419678,154000.0,,
2018-10-31,6.2603036016225815,6.415320400584278,6.2603036016225815,6.359673500061035,254200.0,,
2018-11-01,6.35569857263044,6.439169681015341,6.319925348770076,6.339799404144287,121200.0,,
2018-11-02,6.363646848437994,6.387495406020361,6.244402923328191,6.304024696350098,259900.0,,
2018-11-05,6.304025288122839,6.399420664605248,6.2881261218867746,6.347748279571533,127600.0,,
2018-11-06,6.339799554489367,6.387497061078948,6.308001216762979,6.37557315826416,144700.0,,
2018-11-07,6.399421722025908,6.459043510496363,6.319925498643853,6.37557315826416,263800.0,,
2018-11-08,6.371599062011852,6.447119649651692,6.319926282961155,6.351724624633789,215300.0,,
2018-11-09,6.347748279571533,6.451092670572939,6.319924454358903,6.347748279571533,202000.0,,
2018-11-12,6.339798827655197,6.359672881222225,6.240428938886099,6.256328105926514,196200.0,,
2018-11-13,6.216581430127491,6.355699070512781,6.216581430127491,6.300052165985107,267700.0,,
2018-11-14,6.311976373686184,6.355698995163307,6.232480525970459,6.232480525970459,179900.0,,
2018-11-15,6.228506066796145,6.276203578703008,6.1768336674638435,6.196707725524902,126700.0,,
2018-11-16,6.160933481216595,6.204656098490477,6.133110031957402,6.145034313201904,149500.0,,
2018-11-19,6.160933576218689,6.236454530686491,6.160933576218689,6.200681686401367,135000.0,,
2018-11-20,6.200681052870903,6.2304919429290635,6.113235446843068,6.137084007263184,343700.0,,
2018-11-21,6.152984136089805,6.152984136089805,5.978093275751091,6.081438064575195,445200.0,,
2018-11-23,6.0615644946185165,6.12913606357234,6.005917208695919,6.09733772277832,74000.0,,
2018-11-26,6.109261540244257,6.200682047359824,6.101312145184609,6.113236427307129,147300.0,,
2018-11-27,6.129135528897764,6.15298409287979,6.065538852857573,6.0893874168396,154600.0,,
2018-11-28,6.117211824105564,6.1609344482421875,6.097337766201235,6.1609344482421875,196200.0,,
2018-11-29,6.137084511898916,6.164908340098306,6.025790336299549,6.141059398651123,318400.0,,
2018-11-30,6.137085502943767,6.180808506146517,6.073488820902815,6.1609344482421875,201600.0,,
2018-12-03,6.232480036060711,6.232480036060711,6.1450344209141035,6.216580867767334,278800.0,,
2018-12-04,6.180807994287336,6.180807994287336,6.049639753673944,6.085412979125977,176000.0,,
2018-12-06,6.017841715860661,6.041690281309121,5.910522034144254,5.946295261383057,305200.0,,
2018-12-07,5.978091570675549,5.988028406392636,5.838973596240421,5.862822532653809,525200.0,,
2018-12-10,5.902570465927549,5.926419022597275,5.691906067304451,5.731654167175293,728500.0,,
2018-12-11,5.731655986108624,5.811151832012234,5.644210366081606,5.6481852531433105,529400.0,,
2018-12-12,5.676009156322667,5.7674296706895785,5.632286532361351,5.6442108154296875,376400.0,,
2018-12-13,5.656134561066944,5.683958391004147,5.532916096581072,5.536890983581543,566300.0,,
2018-12-14,5.524965791037908,5.608436514686846,5.481243175437437,5.50111722946167,371800.0,,
2018-12-17,5.461369849210201,5.517812033696884,5.246730871090423,5.270579814910889,634500.0,,
2018-12-18,5.306353134232351,5.445470775250518,5.306353134232351,5.397773265838623,392200.0,,
2018-12-19,5.3977712483384375,5.409695526468002,5.298401379438149,5.342123985290527,710000.0,,
2018-12-20,5.334175784400699,5.405722227291521,5.040040997730069,5.099662780761719,430000.0,,
2018-12-21,5.123511288451544,5.195057346230313,5.024141405752014,5.147359848022461,564000.0,,
2018-12-24,5.151336203845788,5.210957998847614,5.067865463403555,5.167235374450684,291900.0,,
2018-12-26,5.210956190278569,5.310326066837348,5.18313274614323,5.278527736663818,527800.0,,
2018-12-27,5.299294024996374,5.378201832442806,5.236998012318364,5.369895935058594,777900.0,,
2018-12-28,5.353283983912073,5.415579603313433,5.261916732199642,5.290987968444824,762600.0,,
2018-12-31,5.212080585555811,5.295141550268405,5.062570453007219,5.149784564971924,1138100.0,,
2019-01-02,5.124865762431285,5.41557929661702,5.087488234480887,5.320059299468994,380700.0,,
2019-01-03,5.328363989275007,5.594159375304874,5.328363989275007,5.469567775726318,590300.0,,
2019-01-04,5.523560097328115,5.747824924326233,5.523560097328115,5.668916702270508,338500.0,,
2019-01-07,5.677223420995594,5.976243344644871,5.677223420995594,5.922253608703613,324800.0,,
2019-01-08,5.943019143010606,6.00946792904596,5.893182157418083,5.955478191375732,570500.0,,
2019-01-09,5.984548657608301,5.988701805211652,5.835038908481262,5.918099880218506,334800.0,,
2019-01-10,5.90564009050172,5.972088859531774,5.893180649259156,5.926405429840088,141900.0,,
2019-01-11,5.905639206216096,6.009465491295519,5.889027016446021,5.976241111755371,204400.0,,
2019-01-14,5.98454663102348,6.071760720830216,5.93055691866066,6.005311965942383,204300.0,,
2019-01-15,6.005312306034284,6.084220107915826,6.005312306034284,6.0219244956970215,249000.0,,
2019-01-16,6.084220214146802,6.084220214146802,6.0177714543356515,6.026077747344971,277100.0,,
2019-01-17,6.104985305760691,6.104985305760691,6.009465316379503,6.038536548614502,177100.0,,
2019-01-18,6.059303132247842,6.1382109485947876,6.033554094927233,6.100833415985107,279600.0,,
2019-01-22,6.08422051692963,6.10498585442047,5.972088328184489,5.997006416320801,192400.0,,
2019-01-23,6.0053133270039245,6.050996757326679,5.955476749542943,5.9803948402404785,148200.0,,
2019-01-24,5.9887000540900805,6.113291673297801,5.967934718211154,6.063455104827881,222300.0,,
2019-01-25,6.067608960756718,6.146517172261683,6.059303062531196,6.142364025115967,264300.0,,
2019-01-28,6.134057928446091,6.146516973414263,6.067608764462076,6.109139442443848,200400.0,,
2019-01-29,6.12159766891273,6.142363005127149,6.050995763423212,6.092526435852051,167800.0,,
2019-01-30,6.129905789977023,6.167283327097097,6.067609762754913,6.158977031707764,315900.0,,
2019-01-31,6.142364312970743,6.208813086152604,6.111216500049987,6.204659938812256,373400.0,,
2019-02-01,6.208812035080238,6.229577372200747,6.125751082664067,6.1755876541137695,419900.0,,
2019-02-04,6.188046226168459,6.271107568317699,6.163128140376353,6.26695442199707,258700.0,,
2019-02-05,6.258648565046753,6.312638282775879,6.231653904215121,6.312638282775879,362500.0,,
2019-02-06,6.2960263050885255,6.312638496022828,6.208812203666972,6.229577541351318,374700.0,,
2019-02-07,6.208812375261826,6.246189904913488,6.154822654216746,6.192200183868408,207100.0,,
2019-02-08,6.16728206136615,6.237883973421775,6.121598238232579,6.212965488433838,283300.0,,
2019-02-11,6.2171184971670606,6.262801923219922,6.196353159482714,6.229577541351318,406900.0,,
2019-02-12,6.24618976962531,6.2960263427261385,6.063455668255606,6.11744499206543,870500.0,,
2019-02-13,6.129903996303471,6.200505902190101,6.129903996303471,6.16312837600708,195200.0,,
2019-02-14,6.142363168631291,6.233730412767341,6.134057271563934,6.17143440246582,308800.0,,
2019-02-15,6.175588572146135,6.262802684164397,6.175588572146135,6.196353912353516,136100.0,,
2019-02-19,6.200506137871552,6.217118328354786,6.154822316993261,6.1755876541137695,170500.0,,
2019-02-20,6.16312877761411,6.237883834851406,6.16312877761411,6.229577541351318,251900.0,,
2019-02-21,6.246189497269368,6.246189497269368,6.19635292634159,6.217118263244629,189000.0,,
2019-02-22,6.221271141140605,6.333403725073189,6.179740862550137,6.316791534423828,410500.0,,
2019-02-25,6.333403800148139,6.333403800148139,6.212965317496154,6.250342845916748,193500.0,,
2019-02-26,6.250342782359213,6.266954973036568,6.188046770269732,6.200506210327148,251100.0,,
2019-02-27,6.412313128546732,6.412313128546732,6.200507744036396,6.252420902252197,640200.0,,
2019-02-28,6.2503443524562625,6.2586502518484615,6.167283378204432,6.208813667297363,507200.0,,
2019-03-01,6.242038360167812,6.242038360167812,6.10498764697938,6.150671482086182,380800.0,,
2019-03-04,6.154821946666089,6.237883290150435,6.146516049957158,6.1797404289245605,227700.0,,
2019-03-05,6.192200402341494,6.200506696364208,5.938864375637199,6.109139442443848,822300.0,,
2019-03-06,6.125749962840484,6.163127483611393,6.08421929619152,6.096678733825684,243400.0,,
2019-03-07,6.100831885378608,6.154821597151175,6.05930161206066,6.071760654449463,336800.0,,
2019-03-08,6.055148168010389,6.165204159216802,6.055148168010389,6.1257500648498535,396800.0,,
2019-03-11,6.1465180356249824,6.22542586214773,6.134058988503699,6.208813667297363,448900.0,,
2019-03-12,6.242037109363225,6.242037109363225,6.171435192951106,6.183894634246826,298700.0,,
2019-03-13,6.221271386052562,6.233730826579472,6.1838942526694805,6.212965488433838,524900.0,,
2019-03-14,6.258648500619286,6.296026027590515,6.217118223146919,6.262801647186279,695200.0,,
2019-03-15,6.262801405301884,6.283566741268989,6.250342362147958,6.2752604484558105,434300.0,,
2019-03-18,6.291871416374884,6.301423730468512,6.262800189304966,6.283565521240234,198000.0,,
2019-03-19,6.316791503196019,6.320944649854294,6.229577403701563,6.246189594268799,347900.0,,
2019-03-20,6.237885305334979,6.26903312117117,6.196354620176081,6.208813667297363,312300.0,,
2019-03-21,6.19635292634159,6.242036350675589,6.179740736032331,6.217118263244629,230300.0,,
2019-03-22,6.217119018903599,6.246190256461798,6.177664913598966,6.183894634246826,204000.0,,
2019-03-25,6.192199124700577,6.2295766479588615,6.154821601442294,6.188045978546143,282500.0,,
2019-03-26,6.19635367947664,6.246190256461798,6.183894634246826,6.183894634246826,325700.0,,
2019-03-27,6.2046597178636915,6.216703686295444,6.142364094240533,6.167282581329346,405800.0,,
2019-03-28,6.248207813677592,6.248207813677592,6.173672193128306,6.1970977783203125,342700.0,,
2019-03-29,6.205613765608845,6.252464919769509,6.158763017634495,6.167281150817871,301100.0,,
2019-04-01,6.18006022703892,6.265243607270341,6.18006022703892,6.252466201782227,240100.0,,
2019-04-02,6.260984421038601,6.312094449865832,6.243947744762857,6.295057773590088,335700.0,,
2019-04-03,6.307835345754122,6.32913088564982,6.260984183136257,6.278020858764648,335400.0,,
2019-04-04,6.278021251287807,6.333390552088551,6.2737619805678095,6.303576469421387,242600.0,,
2019-04-05,6.303576392095755,6.35681605688341,6.303576392095755,6.316353797912598,486600.0,,
2019-04-08,6.307834946618368,6.321890213277087,6.282279731699625,6.29931640625,157000.0,,
2019-04-09,6.286539553145739,6.295057688074695,6.188578361251169,6.218392848968506,197000.0,,
2019-04-10,6.222652271528691,6.305706430107977,6.222652271528691,6.260984897613525,234700.0,,
2019-04-11,6.265242576599121,6.290797789557755,6.243946633497981,6.265242576599121,141800.0,,
2019-04-12,6.282280846125815,6.3291316079037045,6.243948220040981,6.260984897613525,266600.0,,
2019-04-15,6.252466918630651,6.287817730994541,6.2354302406311035,6.2354302406311035,209900.0,,
2019-04-16,6.248206302482734,6.341908214401506,6.248206302482734,6.32487154006958,384600.0,,
2019-04-17,6.354686343648392,6.354686343648392,6.265243691654137,6.295057773590088,216300.0,,
2019-04-18,6.312093810616191,6.33338975535075,6.286539001883809,6.29931640625,231700.0,,
2019-04-22,6.290799063447803,6.333390552088551,6.290799063447803,6.303576469421387,119700.0,,
2019-04-23,6.303573236571846,6.371719908396481,6.303573236571846,6.346164703369141,253200.0,,
2019-04-24,6.35042667388916,6.388759294646861,6.329130728336395,6.35042667388916,320600.0,,
2019-04-25,6.3589445764694865,6.397277193380538,6.320611959558434,6.354685306549072,288300.0,,
2019-04-26,6.363202652560481,6.401535264726687,6.3504252505671746,6.397276401519775,196500.0,,
2019-04-29,6.3632042355510565,6.405796127706154,6.3632042355510565,6.39301872253418,138800.0,,
2019-04-30,6.384498669846615,6.401535341437272,6.350425326665301,6.371721267700195,191500.0,,
2019-05-01,6.371723013934366,6.42283304271355,6.363204472711301,6.375982284545898,212400.0,,
2019-05-02,6.405795972263664,6.4185733771255835,6.36746335149153,6.384500026702881,167300.0,,
2019-05-03,6.341907045246386,6.414312999355344,6.341907045246386,6.410053730010986,128300.0,,
2019-05-06,6.358943716437537,6.425812539161573,6.346165908404463,6.410053730010986,162000.0,,
2019-05-07,6.375981889789753,6.414314510547454,6.324871864174943,6.35042667388916,143600.0,,
2019-05-08,6.388760230816396,6.588941498447512,6.30783611328142,6.56764554977417,731200.0,,
2019-05-09,6.554866720114572,6.60597674212377,6.5080155619663795,6.601717472076416,257200.0,,
2019-05-10,6.58042039950425,6.601716339902482,6.520792253812736,6.525051116943359,211100.0,,
2019-05-13,6.473942431603788,6.520793591327042,6.435609812261622,6.448387622833252,251000.0,,
2019-05-14,6.405795972263664,6.499497889019284,6.371722621840962,6.384500026702881,791700.0,,
2019-05-15,6.324870014166782,6.367461486628039,6.243945525973754,6.256722927093506,1089400.0,,
2019-05-16,6.248207091974224,6.324872339248098,6.214133739005036,6.316353797912598,940400.0,,
2019-05-17,6.295058557652096,6.456907205523431,6.288670057119494,6.367464542388916,498500.0,,
2019-05-20,6.367462065871061,6.388758007132094,6.307833917763724,6.3120927810668945,239700.0,,
2019-05-21,6.354684651052308,6.384498725047158,6.2695012923625235,6.290797233581543,278900.0,,
2019-05-22,6.282279243464447,6.295056646837626,6.226909953932231,6.2311692237854,503400.0,,
2019-05-23,6.222650684079062,6.260983300384928,6.205614010852712,6.2311692237854,395500.0,,
2019-05-24,6.248207405870422,6.307835979655311,6.239688864106968,6.2865400314331055,219100.0,,
2019-05-28,6.299315366357374,6.324870577057457,6.218391277148653,6.290797233581543,605500.0,,
2019-05-29,6.329129154208324,6.422831047623913,6.282278410593668,6.388757705688477,738400.0,,
2019-05-30,6.401537102125319,6.469683807231117,6.3120944501273595,6.329131126403809,485000.0,,
2019-05-31,6.290799545676244,6.307836223675792,6.226911698538108,6.2354302406311035,490600.0,,
2019-06-03,6.222649586649998,6.265241465297512,6.222649586649998,6.256722927093506,294400.0,,
2019-06-04,6.312092768614268,6.318481672835863,6.231168679405547,6.290797233581543,375800.0,,
2019-06-05,6.286538519700261,6.306982283880838,6.2396873636404875,6.265242576599121,300800.0,,
2019-06-06,6.269502962269674,6.333390396757111,6.269502962269674,6.295057773590088,213200.0,,
2019-06-07,6.307834865737654,6.337648944271936,6.2695022469442305,6.32487154006958,177200.0,,
2019-06-10,6.341908938250947,6.380241155233157,6.3120944501273595,6.329131126403809,449600.0,,
2019-06-11,6.337649192972843,6.375981813270508,6.316353247675654,6.363204002380371,260900.0,,
2019-06-12,6.358943633041538,6.4057943766561944,6.3504250944645415,6.388757705688477,268900.0,,
2019-06-13,6.410055012314367,6.490979115114271,6.3844997973222934,6.4696831703186035,606400.0,,
2019-06-14,6.473942593040718,6.495238538338118,6.4398692430394275,6.444128513336182,303300.0,,
2019-06-17,6.439867886946904,6.473941229773108,6.397276411507292,6.431349754333496,397300.0,,
2019-06-18,6.469682929556288,6.5165340876005144,6.44412812170157,6.499497413635254,273000.0,,
2019-06-19,6.516533948135379,6.601717316138609,6.4952380045879865,6.593198776245117,320100.0,,
2019-06-20,6.601716735294857,6.601716735294857,6.439868147235594,6.516533374786377,877700.0,,
2019-06-21,6.516533214816006,6.554865827650394,6.4782006019816185,6.520792484283447,421900.0,,
2019-06-24,6.554866560806456,6.626846435637414,6.554866560806456,6.605976581573486,509400.0,,
2019-06-25,6.627273324911559,6.627273324911559,6.542089540499858,6.563385486602783,417600.0,,
2019-06-26,6.5719029048112745,6.597457710820034,6.516533616877204,6.533570289611816,492900.0,,
2019-06-27,6.568673892614563,6.6125525578730295,6.547172898883622,6.573061466217041,447800.0,,
2019-06-28,6.577448905213465,6.70469773514856,6.577448905213465,6.687146186828613,396600.0,,
2019-07-01,6.713474463096192,6.748577563629189,6.638880269848081,6.665207386016846,291100.0,,
2019-07-02,6.678372036198268,6.704699155022601,6.656432491536652,6.660820484161377,206000.0,,
2019-07-03,6.678371182951724,6.748577382129558,6.660819633157266,6.726637840270996,126200.0,,
2019-07-05,6.7090864181518555,6.752965502704008,6.669595325747312,6.7090864181518555,360300.0,,
2019-07-08,6.7134744102994635,6.7485775105564,6.695922860170995,6.7090864181518555,415500.0,,
2019-07-09,6.682757663229305,6.761739833613562,6.682757663229305,6.717861175537109,306800.0,,
2019-07-10,6.713473070991579,6.779291266227408,6.695044009802498,6.7485761642456055,241600.0,,
2019-07-11,6.739801526261184,6.744189518408792,6.683636816927264,6.7090864181518555,366600.0,,
2019-07-12,6.7134744102994635,6.746383514482596,6.691534868023388,6.7090864181518555,176700.0,,
2019-07-15,6.731025218963623,6.78367986354879,6.709085679104324,6.731025218963623,229100.0,,
2019-07-16,6.744190332151114,6.757353891720267,6.673984123166282,6.700311660766602,269700.0,,
2019-07-17,6.722248919301687,6.735412893674951,6.616939635086963,6.656430721282959,295000.0,,
2019-07-18,6.65643049374583,6.669594049207226,6.612551417592,6.6213274002075195,271500.0,,
2019-07-19,6.603775853438364,6.65643049374583,6.599387862130604,6.6213274002075195,199000.0,,
2019-07-22,6.608165060462964,6.652043726227354,6.577449534119736,6.59938907623291,292800.0,,
2019-07-23,6.599389408220053,6.6213289514369125,6.568674298793638,6.590613842010498,366300.0,,
2019-07-24,6.5949998708228454,6.647654511130311,6.58183631536145,6.6213274002075195,299600.0,,
2019-07-25,6.625716209411621,6.678370856218919,6.616940225712771,6.625716209411621,505100.0,,
2019-07-26,6.630104351880645,6.704698545875775,6.581837692779902,6.678371429443359,400500.0,,
2019-07-29,6.687147132399398,6.695923117031266,6.660820015427751,6.673983573913574,230500.0,,
2019-07-30,6.665206782621256,6.713473855331024,6.665206782621256,6.682758331298828,225300.0,,
2019-07-31,6.678371482996869,6.691535041318634,6.612552854464091,6.63449239730835,196000.0,,
2019-08-01,6.625717561095234,6.6388811208670155,6.577450477828671,6.586226463317871,232400.0,,
2019-08-02,6.60377808151887,6.60377808151887,6.5204078923903,6.555510997772217,358700.0,,
2019-08-05,6.537958557146749,6.537958557146749,6.37121903845892,6.4019341468811035,407600.0,,
2019-08-06,6.415096724128289,6.49846688918688,6.415096724128289,6.472139358520508,225700.0,,
2019-08-07,6.476527863508243,6.476527863508243,6.081617382975143,6.151823997497559,1081200.0,,
2019-08-08,6.147436789904131,6.3405038537015,6.143048797475057,6.239582538604736,762800.0,,
2019-08-09,6.23519526168548,6.279074354087516,6.068455296404599,6.107946395874023,889700.0,,
2019-08-12,6.077229537453004,6.08732158353088,5.9499807081756115,6.020186901092529,524100.0,,
2019-08-13,6.020186901092529,6.112332633911463,6.0114109177469555,6.020186901092529,312900.0,,
2019-08-14,5.980697198870892,5.980697198870892,5.884163452009363,5.910490989685059,470100.0,,
2019-08-15,5.9061015877777345,5.9938593283207044,5.9061015877777345,5.936816692352295,241000.0,,
2019-08-16,5.9631449471150795,6.050902698303645,5.928041846639653,6.0421271324157715,234500.0,,
2019-08-19,6.042127022151078,6.128129323823013,6.024575053771711,6.086005687713623,292700.0,,
2019-08-20,6.09478217536466,6.208867050020857,6.090394182907347,6.169376373291016,333600.0,,
2019-08-21,6.182539428606488,6.322951828107379,6.182539428606488,6.252745628356934,428400.0,,
2019-08-22,6.270297664223396,6.322952318116804,6.243970128045696,6.265909671783447,273100.0,,
2019-08-23,6.252745396616209,6.283460503253169,6.173763215593236,6.204478740692139,394600.0,,
2019-08-26,6.222031131404311,6.2659098013249706,6.222031131404311,6.248358249664307,146200.0,,
2019-08-27,6.248356844695617,6.292235923211885,6.164987097668994,6.178150653839111,141800.0,,
2019-08-28,6.186927420706381,6.265909186194652,6.160599886568985,6.252745628356934,222900.0,,
2019-08-29,6.283461433682511,6.301012985568585,6.23519477061131,6.287849426269531,172900.0,,
2019-08-30,6.314176091718488,6.340503206682391,6.283460566311336,6.3273396492004395,183800.0,,
2019-09-03,6.318564537454659,6.318564537454659,6.252746322497384,6.287849426269531,168800.0,,
2019-09-04,6.3010127743790525,6.3185643256768556,6.248358120485644,6.265909671783447,257100.0,,
2019-09-05,6.318564021610955,6.36244310697488,6.301012471157779,6.358055114746094,265000.0,,
2019-09-06,6.243969917297363,6.2878490032918455,6.173763714475773,6.243969917297363,476400.0,,
2019-09-09,6.287849541790175,6.480917034546037,6.287849541790175,6.437037944793701,849100.0,,
2019-09-10,6.467752933502197,6.5116320224197874,6.441425814921247,6.467752933502197,378000.0,,
2019-09-11,6.472141680806948,6.537959903396435,6.450202133789769,6.516020774841309,301400.0,,
2019-09-12,6.524794101715088,6.557264653625889,6.49846698910582,6.524794101715088,267900.0,,
2019-09-13,6.5379584853644195,6.58183756988175,6.522600931321943,6.542346477508545,271500.0,,
2019-09-16,6.5598989253122895,6.6213295683506335,6.529183813024127,6.586226463317871,333300.0,,
2019-09-17,6.581837790875442,6.599389341579298,6.516019580351479,6.577449798583984,178800.0,,
2019-09-18,6.577450268184003,6.590614245998226,6.548929153177202,6.564286708831787,197300.0,,
2019-09-19,6.581836943215773,6.608164475111883,6.524794306159139,6.533570289611816,243000.0,,
2019-09-20,6.559897207821286,6.59061273052963,6.5247941119791015,6.537957668304443,397100.0,,
2019-09-23,6.5247950025019845,6.577449653451719,6.5160194365746795,6.568674087524414,301200.0,,
2019-09-24,6.573061096874944,6.573061096874944,6.502854901636739,6.529182434082031,263700.0,,
2019-09-25,6.533572328762642,6.555072909085416,6.476529673902795,6.516020774841309,196500.0,,
2019-09-26,6.520407010307348,6.595001203768297,6.498467886258101,6.568674087524414,414800.0,,
2019-09-27,6.609165905507662,6.618164295386633,6.476443087327604,6.501187801361084,411000.0,,
2019-09-30,6.474192336003365,6.523682184316906,6.456195988519645,6.478691101074219,237500.0,,
2019-10-01,6.487689754303235,6.510185296843283,6.361715316772461,6.361715316772461,291800.0,,
2019-10-02,6.348217790150337,6.3572161788729336,6.172753500727596,6.213245391845703,644800.0,,
2019-10-03,6.253737571671647,6.276233116993282,6.154757858763394,6.208746910095215,291400.0,,
2019-10-04,6.213245552424101,6.2604858072382665,6.199747968991367,6.244739055633545,172600.0,,
2019-10-07,6.244738476725526,6.357215753837152,6.204246588314658,6.30772590637207,451300.0,,
2019-10-08,6.2672352003180904,6.348218563351131,6.2672352003180904,6.30322790145874,146900.0,,
2019-10-09,6.321224808987292,6.352718317993518,6.253738166602247,6.258237361907959,126700.0,,
2019-10-10,6.289731588576198,6.307728371852491,6.244740917586253,6.253738880157471,149500.0,,
2019-10-11,6.307726816868644,6.377012527507537,6.307726816868644,6.31672477722168,203600.0,,
2019-10-14,6.289730316730865,6.321224252029065,6.262736005408799,6.30322790145874,75600.0,,
2019-10-15,6.307727448602467,6.3797128549035556,6.298729058281397,6.34821891784668,156300.0,,
2019-10-16,6.370712757110596,6.393208297817171,6.334720063606777,6.370712757110596,224300.0,,
2019-10-17,6.433699459353764,6.469692148796486,6.352715693574288,6.366212844848633,260200.0,,
2019-10-18,6.348218329377152,6.442699273655817,6.348218329377152,6.411205768585205,176800.0,,
2019-10-21,6.402207100675936,6.460695342596956,6.402207100675936,6.4247026443481445,159000.0,,
2019-10-22,6.4022077757096785,6.46519521881975,6.38421142468778,6.447198867797852,160600.0,,
2019-10-23,6.442698279178823,6.4561958613257735,6.420203167067426,6.429201126098633,108400.0,,
2019-10-24,6.420204316235195,6.442699432373047,6.375213225825818,6.442699432373047,219800.0,,
2019-10-25,6.4382003092930535,6.447198269435479,6.38421083217125,6.397708415985107,210300.0,,
2019-10-28,6.384210043742319,6.4381995141966,6.384210043742319,6.429201126098633,224600.0,,
2019-10-29,6.433701279065829,6.45619682359686,6.406706539815227,6.4382004737854,268600.0,,
2019-10-30,6.42020387886715,6.429201838895948,6.3887099460993335,6.4247026443481445,168100.0,,
2019-10-31,6.415703973018442,6.440448682154331,6.379711278760095,6.429201126098633,248300.0,,
2019-11-01,6.45169834384069,6.496689008821696,6.42920279681675,6.433701992034912,243100.0,,
2019-11-04,6.469692800983622,6.55067657492679,6.469692800983622,6.537178993225098,237500.0,,
2019-11-05,6.564174561685493,6.564174561685493,6.469693623101484,6.487689971923828,273200.0,,
2019-11-06,6.29872796651068,6.456196337300163,6.123263247265266,6.177252292633057,1435100.0,,
2019-11-07,6.186250681394418,6.289729577749318,6.132261636026627,6.177252292633057,608100.0,,
2019-11-08,6.159256497166402,6.213245976448259,6.141260147094727,6.141260147094727,175100.0,,
2019-11-11,6.118764598749386,6.213245537213217,6.118764598749386,6.132261753082275,223700.0,,
2019-11-12,6.145757205904352,6.166003146331808,6.118762904712199,6.154755592346191,253600.0,,
2019-11-13,6.127762629226398,6.136761018263214,6.073773582205917,6.087270736694336,241000.0,,
2019-11-14,6.08277228919835,6.091770249638698,6.037781199796129,6.055777549743652,316500.0,,
2019-11-15,6.051278354990065,6.091770249638698,6.01123655144352,6.055777549743652,480000.0,,
2019-11-18,6.064775790655304,6.073774180578618,5.997289582497836,6.042280673980713,300700.0,,
2019-11-19,6.087271128828466,6.087271128828466,6.001788572806065,6.010786533355713,241500.0,,
2019-11-20,6.006286103375417,6.037779600173125,5.979291371072585,6.015284061431885,151400.0,,
2019-11-21,6.0287830018701065,6.0332821967666685,5.943300444169636,5.9567975997924805,289800.0,,
2019-11-22,5.974792342193356,5.974792342193356,5.911805346861837,5.916304111480713,259700.0,,
2019-11-25,5.929803374340368,6.046779439875523,5.929803374340368,6.042280673980713,348200.0,,
2019-11-26,5.920804659498056,6.042280342395432,5.920804659498056,5.952298164367676,469900.0,,
2019-11-27,5.952297741923818,6.069274221804438,5.952297741923818,6.046778678894043,280200.0,,
2019-11-29,6.051277336630108,6.100767612457275,6.046778142633682,6.100767612457275,221200.0,,
2019-12-02,6.132261586245816,6.177252242487018,6.082771735660457,6.091769695281982,506800.0,,
2019-12-03,6.064776663203628,6.114266956768404,6.019785994314725,6.078274250030518,666400.0,,
2019-12-04,6.096269163718445,6.121463966671636,6.055777270934069,6.069274425506592,367300.0,,
2019-12-05,6.069275901056419,6.109767803685103,6.046780351921938,6.060277938842773,286200.0,,
2019-12-06,6.069274152627988,6.127762391901659,6.055776998662306,6.091769695281982,388000.0,,
2019-12-09,6.100768212640876,6.172753607398466,6.0827718639514785,6.1502580642700195,410400.0,,
2019-12-10,6.163755138557806,6.226742572686958,6.136760830407307,6.177252292633057,338200.0,,
2019-12-11,6.1547581368087565,6.195250034403582,6.046779600200272,6.082772731781006,758400.0,,
2019-12-12,6.0962698879569945,6.163756097903796,6.064775951457209,6.082772731781006,387000.0,,
2019-12-13,6.0827718639514785,6.1862507616488145,6.0827718639514785,6.1502580642700195,444500.0,,
2019-12-16,6.154756601975596,6.438199385389394,6.154756601975596,6.379711151123047,955500.0,,
2019-12-17,6.388710819867428,6.453947862532462,6.343720155436556,6.357217311859131,549700.0,,
2019-12-18,6.375213383862244,6.402207695523568,6.262736084117416,6.267235279083252,570900.0,,
2019-12-19,6.258235774363237,6.3437187472195395,6.235740232608064,6.273982524871826,526700.0,,
2019-12-20,6.3302212126868485,6.406705797793854,6.271732975306976,6.312224864959717,1588200.0,,
2019-12-23,6.321223938059592,6.357216637412517,6.285231238706667,6.343719482421875,465500.0,,
2019-12-24,6.375211986755363,6.388709139628168,6.33022090509034,6.352716445922852,245400.0,,
2019-12-26,6.361714080468319,6.386458786293502,6.312223810684549,6.366212844848633,418400.0,,
2019-12-27,6.366212844848633,6.381960021913188,6.321222197578582,6.366212844848633,440600.0,,
2019-12-30,6.413024981163888,6.424727849508675,6.267912985038787,6.305361270904541,819400.0,,
2019-12-31,6.253868983627432,6.319403701239926,6.1883347124336785,6.26323127746582,672700.0,,
2020-01-02,6.26791270539089,6.3708952637176735,6.263231558261828,6.333446979522705,379900.0,,
2020-01-03,6.277274390876375,6.422386823192798,6.277274390876375,6.40366268157959,394300.0,,
2020-01-06,6.40366369809972,6.413025547183053,6.338128968841108,6.347491264343262,264300.0,,
2020-01-07,6.338127401591807,6.382597401393154,6.310040968449192,6.361532688140869,261800.0,,
2020-01-08,6.375575894228128,6.408343028638885,6.333446466317883,6.338127613067627,246900.0,,
2020-01-09,6.338127401591807,6.4130239614138365,6.338127401591807,6.361532688140869,257600.0,,
2020-01-10,6.375577565043679,6.431750001505259,6.3568534195564865,6.413025856018066,279500.0,,
2020-01-13,6.394301079468267,6.42940879298957,6.3521716446751855,6.380258083343506,303000.0,,
2020-01-14,6.384938874789113,6.448132577035814,6.328766447003837,6.41770601272583,237300.0,,
2020-01-15,6.422386506666722,6.473877781960619,6.40366236597633,6.436429500579834,309800.0,,
2020-01-16,6.4598349632837255,6.534731528077017,6.445791968989668,6.520688533782959,353700.0,,
2020-01-17,6.567499160766602,6.609628593256952,6.52068902743637,6.567499160766602,406600.0,,
2020-01-21,6.516007983680052,6.602606977246872,6.513667410013546,6.5581374168396,388200.0,,
2020-01-22,6.604945487265511,6.68920432725879,6.604945487265511,6.623669624328613,497400.0,,
2020-01-23,6.600267679193948,6.69856955344301,6.581543533928357,6.670483112335205,337000.0,,
2020-01-24,6.665802105667817,6.717293841053471,6.590905523018334,6.6049485206604,293000.0,,
2020-01-27,6.5768602174602675,6.623670341980417,6.534730792899051,6.6002655029296875,433500.0,,
2020-01-28,6.604949175768771,6.63771676874209,6.525371437206108,6.539414882659912,350100.0,,
2020-01-29,6.530050116034501,6.534731262748699,6.47387769472029,6.497282981872559,231400.0,,
2020-01-30,6.4879231421670776,6.539414882659912,6.459837144097249,6.539414882659912,220300.0,,
2020-01-31,6.5206898480192494,6.530051697295908,6.464517413102802,6.483241558074951,286200.0,,
2020-02-03,6.497284114558004,6.548775398134603,6.436430535920859,6.478559970855713,268800.0,,
2020-02-04,6.501966552595038,6.541287128248535,6.445794110339091,6.4926042556762695,250200.0,,
2020-02-05,6.511325507429631,6.623670341980417,6.506644361052009,6.6002655029296875,213000.0,,
2020-02-06,6.623670770333745,6.6798436376605315,6.5815417894667325,6.65643835067749,197700.0,,
2020-02-07,6.656439838532314,6.726655268757351,6.501965534902179,6.548775672912598,793900.0,,
2020-02-10,6.4364295373019536,6.609627951280922,6.4364295373019536,6.534731388092041,406300.0,,
2020-02-11,6.394301079468267,6.502433087108406,6.356852792189705,6.380258083343506,704200.0,,
2020-02-12,6.380257727535646,6.450473150662548,6.356852437687088,6.41770601272583,408500.0,,
2020-02-13,6.417706564110133,6.422387711765785,6.342809987294944,6.408344268798828,487300.0,,
2020-02-14,6.408342627495702,6.431747913360596,6.3849377880495055,6.431747913360596,169500.0,,
2020-02-18,6.352170358822167,6.413023924936104,6.324084372258016,6.366213798522949,361900.0,,
2020-02-19,6.356852792189705,6.403663374497307,6.333447501035904,6.380258083343506,242000.0,,
2020-02-20,6.394300842765612,6.483240856573937,6.394300842765612,6.4551544189453125,244000.0,,
2020-02-21,6.455153959411224,6.478559248032422,6.361533251345185,6.40366268157959,287500.0,,
2020-02-24,6.328767700458503,6.342810698581438,6.207060526276102,6.235146522521973,379200.0,,
2020-02-25,6.235144863958492,6.2688485861909,5.92619630892181,6.005774021148682,391000.0,,
2020-02-26,6.08535278051422,6.202378795524108,6.029180346879731,6.0479044914245605,549900.0,,
2020-02-27,5.973007878441786,5.99641317059115,5.635972832179869,5.8513007164001465,732000.0,,
2020-02-28,5.7108700772313705,5.762361815260485,5.512394033737196,5.682784080505371,891100.0,,
2020-03-02,5.692144837593685,5.944920991683576,5.687463690231943,5.846619129180908,771000.0,,
2020-03-03,5.874705852376643,5.993604144061788,5.762360988748846,5.818533420562744,674400.0,,
2020-03-04,5.898109864157112,6.024497696710591,5.8559804378330504,5.954282283782959,385500.0,,
2020-03-05,5.893428877700398,6.061946141156333,5.893428877700398,5.987049579620361,431000.0,,
2020-03-06,5.865344335351931,5.907473776406357,5.762361753239848,5.837258338928223,456900.0,,
2020-03-09,5.514263403743707,5.570435813963702,5.383194446563721,5.383194446563721,529800.0,,
2020-03-10,5.523628454009088,5.598525038374956,5.336386546675559,5.500223159790039,546300.0,,
2020-03-11,5.378515592016142,5.439369173949357,5.214679437351785,5.294257164001465,434500.0,,
2020-03-12,4.844877506348716,5.013394817908581,4.5593337259598306,4.568696022033691,891100.0,,
2020-03-13,4.779341706901748,4.974073136175981,4.306556574694113,4.372091293334961,885700.0,,
2020-03-16,3.5107801790796778,3.992927198676027,3.1035297318766895,3.5529096126556396,980500.0,,
2020-03-17,3.604400529713663,3.6081455365217545,3.0567190647125244,3.0567190647125244,1272400.0,,
2020-03-18,3.000546590292312,3.0145898086060905,2.05965765955061,2.228175163269043,1287500.0,,
2020-03-19,2.228175332666569,3.3750301388741626,2.036252524903992,3.2392799854278564,1771500.0,,
2020-03-20,3.243960428356535,3.393753778955458,2.6775546073913574,2.6775546073913574,1113600.0,,
2020-03-23,2.663512324373711,2.663512324373711,2.1485978650881026,2.1579599380493164,638500.0,,
2020-03-24,2.3311583771752726,2.668193223769906,2.3311583771752726,2.4575464725494385,884000.0,,
2020-03-25,2.5137185468318526,3.1597021513434305,2.387330469706491,2.5698909759521484,1082100.0,,
2020-03-26,2.6307449933126894,3.506099608367181,2.6307449933126894,2.89756441116333,1069800.0,,
2020-03-27,2.8273484031450287,2.967779705392454,2.724365611850478,2.8601157665252686,1018900.0,,
2020-03-30,2.92489182682584,2.9597713726453314,2.630907965995006,2.6707701683044434,790700.0,,
2020-03-31,2.685717842901611,2.820252867821796,2.571113915184608,2.60101056098938,463800.0,,
2020-04-01,2.551183260187387,2.5860628051374643,2.3468893596450555,2.4664759635925293,572000.0,,
2020-04-02,2.476441639652506,2.501355635538532,2.331941033747494,2.411665678024292,511700.0,,
2020-04-03,2.4066824989198636,2.4565102471961398,2.142595314256878,2.232285261154175,575200.0,,
2020-04-06,2.326958285697872,2.5611488399153024,2.1575436905634766,2.182457685470581,719100.0,,
2020-04-07,2.3817686417917554,2.650838708581952,2.3269580022315495,2.6159591674804688,678300.0,,
2020-04-08,2.630907281266915,2.9149255176009228,2.5661311005741956,2.780390501022339,635800.0,,
2020-04-09,2.8999783581449834,3.3125523832359276,2.8999783581449834,3.074375629425049,1118800.0,,
2020-04-13,3.104270974108229,3.147621093265318,2.7654421261070223,3.1291849613189697,880900.0,,
2020-04-14,3.1640653551123417,3.2687037575142632,3.064409846918832,3.119220495223999,432400.0,,
2020-04-15,3.0893234701529124,3.0893234701529124,2.7455118631124846,2.820253372192383,862600.0,,
2020-04-16,2.8750636375880156,2.9298742762435652,2.7903563517378296,2.8949947357177734,293400.0,,
2020-04-17,3.0345121425545023,3.283651064272346,2.989667060614125,3.1291849613189697,727600.0,,
2020-04-20,3.0345131196404993,3.1491170700360467,2.875064072864856,2.9797024726867676,469000.0,,
2020-04-21,2.9149257741461465,2.9996330582614195,2.805304736677657,2.9547879695892334,450100.0,,
2020-04-22,3.024547132380071,3.0644093289192758,2.800321920450895,2.87506365776062,280900.0,,
2020-04-23,2.919909218388407,2.924891874960352,2.755477512357216,2.785374164581299,430400.0,,
2020-04-24,2.989667713104606,3.5676700616069814,2.944822621376855,3.497911214828491,1576200.0,,
2020-04-27,3.5626878110554334,3.7844213729473872,3.438118308833897,3.6673262119293213,759200.0,,
2020-04-28,3.7619985759623606,3.8865680620856518,3.487945611452145,3.4929285049438477,638200.0,,
2020-04-29,3.5726529396519466,3.8467056696039417,3.5726529396519466,3.8242833614349365,532500.0,,
2020-04-30,3.901516523554511,4.041034224119302,3.6772915288480843,3.931413173675537,899200.0,,
2020-05-01,3.861654699404664,3.906499797751524,3.682274543614702,3.8118269443511963,565700.0,,
2020-05-04,3.737084321141628,3.7619983116548745,3.487945366398853,3.6224803924560547,646800.0,,
2020-05-05,3.6872571593978267,3.9563272539595298,3.617498307592282,3.6972227096557617,611000.0,,
2020-05-06,3.8865684280639012,4.19550072571685,3.671810497817143,4.0958452224731445,991900.0,,
2020-05-07,4.2004830589180875,4.354948949526081,3.9413783098797173,4.046016693115234,985100.0,,
2020-05-08,4.09584424918322,4.176066636994186,3.9862229840668357,4.050999164581299,255500.0,,
2020-05-11,4.050999779286656,4.0559826728196064,3.946361391069108,3.9762580394744873,333100.0,,
2020-05-12,3.961308995377456,4.07093026049384,3.9363952442854813,4.050999164581299,414600.0,,
2020-05-13,4.006154285619468,4.006154285619468,3.6473943031807856,3.831757068634033,446900.0,,
2020-05-14,3.747050430994038,3.9563272223353136,3.57763584036587,3.9363961219787598,344600.0,,
2020-05-15,3.926430204835677,4.011137492233004,3.836740024016185,3.9463613033294678,216000.0,,
2020-05-18,4.065948009490967,4.170586398346758,3.9613096206351748,4.065948009490967,310100.0,,
2020-05-19,4.011138492816534,4.095845801344206,3.976258942952936,4.0161213874816895,279700.0,,
2020-05-20,4.0709308612101545,4.12075884594165,3.99618935930779,4.105810165405273,351900.0,,
2020-05-21,4.100828383734125,4.180553275958982,4.070931964945436,4.165604591369629,357200.0,,
2020-05-22,4.180552126910323,4.250310735040383,4.103817182772379,4.235362529754639,270700.0,,
2020-05-26,4.300139572894514,4.534330386419491,4.300139572894514,4.447131633758545,463700.0,,
2020-05-27,4.579174301856485,4.579174301856485,4.349966418318392,4.559243202209473,337500.0,,
2020-05-28,4.5692084071475465,4.592128954981994,4.3698974360855924,4.419724941253662,433800.0,,
2020-05-29,4.39979358889246,4.459586876742125,4.23635841202545,4.439655780792236,326700.0,,
2020-06-01,4.429690292258418,4.559242173124882,4.398796928460397,4.5094146728515625,386900.0,,
2020-06-02,4.57419183015869,4.663881539930012,4.504432744607756,4.554260730743408,331300.0,,
2020-06-03,4.629002525684364,4.681321961934559,4.564226329714797,4.668864727020264,248700.0,,
2020-06-04,4.678830730201029,4.78346913232038,4.633985632836315,4.688796043395996,217600.0,,
2020-06-05,4.813364655703229,4.957865234231974,4.768519566643469,4.783468246459961,345200.0,,
2020-06-08,4.86319343477651,5.060012999323528,4.86319343477651,5.0326080322265625,727000.0,,
2020-06-09,5.08243445820037,5.08243445820037,4.8382784025326915,4.848243713378906,429200.0,,
2020-06-10,4.788451661602555,4.850736414889141,4.55924375050012,4.698761940002441,451900.0,,
2020-06-11,4.409760567048221,4.504433179614916,4.245328862193739,4.33003568649292,460900.0,,
2020-06-12,4.648933124147551,4.648933124147551,4.4072684952553125,4.579174041748047,433200.0,,
2020-06-15,4.544294846824809,4.638967923430781,4.439656458320509,4.589139938354492,371100.0,,
2020-06-16,4.7485887560408315,4.778485642287728,4.643950366969024,4.678830146789551,295500.0,,
2020-06-17,4.713709859859246,4.7251701359157225,4.559243472056358,4.584157466888428,288300.0,,
2020-06-18,4.549277141006032,4.653915515724269,4.514397841164893,4.534328937530518,227600.0,,
2020-06-19,4.609072393787955,4.61654673630755,4.463575280810688,4.581666946411133,531300.0,,
2020-06-22,4.584157933381994,4.619535724108564,4.414743321517848,4.449623107910156,274900.0,,
2020-06-23,4.459586477629228,4.544293746634038,4.454603585289,4.48948335647583,371200.0,,
2020-06-24,4.484501784187846,4.520377574169352,4.295156096276526,4.479518890380859,434200.0,,
2020-06-25,4.464570154004755,4.534329233434229,4.399793967790568,4.4745354652404785,464000.0,,
2020-06-26,4.459586876742125,4.489483758264363,4.394312691944553,4.439655780792236,381300.0,,
2020-06-29,4.413662380695244,4.476046243458304,4.288894655169122,4.439655780792236,382400.0,,
2020-06-30,4.413663395990891,4.491643614220025,4.351279518877375,4.455252647399902,233000.0,,
2020-07-01,4.45525293744189,4.543630226385245,4.340882736512974,4.366875648498535,223100.0,,
2020-07-02,4.424060870430916,4.478646575921776,4.346080653723005,4.356478214263916,218600.0,,
2020-07-06,4.366875514369661,4.434978250547216,4.16932681127543,4.335683822631836,415700.0,,
2020-07-07,4.320087477592399,4.320087477592399,4.1927198477336445,4.252504825592041,345800.0,,
2020-07-08,4.231710151715787,4.2888952431424965,4.169326280400394,4.236908435821533,238000.0,,
2020-07-09,4.226511513459542,4.262901982333915,4.116819782625472,4.117339611053467,186100.0,,
2020-07-10,4.0965460541309335,4.148532628850048,4.0549567943556415,4.127737998962402,255300.0,,
2020-07-13,4.174525497713612,4.247306945076531,4.132936240872815,4.153730869293213,196400.0,,
2020-07-14,4.106943010294064,4.148532266436137,4.0393603451174345,4.096545696258545,175100.0,,
2020-07-15,4.127737419858219,4.257703714476512,4.080949385229409,4.24210786819458,334800.0,,
2020-07-16,4.184922218322754,4.205716842561826,4.143332721953133,4.184922218322754,170800.0,,
2020-07-17,4.247305995598901,4.330484490686091,4.2057167480553055,4.236908435821533,263400.0,,
2020-07-20,4.2369087862559605,4.294094378195424,4.216114160764241,4.2473063468933105,110100.0,,
2020-07-21,4.262902323823973,4.398067641589325,4.262902323823973,4.361677169799805,219200.0,,
2020-07-22,4.366875315725498,4.546229270299892,4.361677031194325,4.5228352546691895,190100.0,,
2020-07-23,4.538431090557785,4.569623276595998,4.476047214264339,4.481245994567871,147900.0,,
2020-07-24,4.486445261677452,4.509839279798757,4.304491897574643,4.364276885986328,180400.0,,
2020-07-27,4.377273376130964,4.387670442163378,4.252505609043786,4.288896083831787,186100.0,,
2020-07-28,4.314889492587375,4.314889492587375,4.226512200288198,4.288896083831787,175600.0,,
2020-07-29,4.288894829468951,4.3096894512350605,4.216113405396122,4.294093608856201,124000.0,,
2020-07-30,4.247306045642103,4.299292853575592,4.200518017658552,4.252504825592041,120300.0,,
2020-07-31,4.247306278883277,4.288895529200769,4.174524842936183,4.231710433959961,102500.0,,
2020-08-03,4.221313247295435,4.3200880973834295,4.179723993295127,4.283697128295898,149000.0,,
2020-08-04,4.309689835799953,4.361676642745591,4.2525047447860995,4.346080303192139,152700.0,,
2020-08-05,4.522834811792229,4.850350502768681,4.502040188354815,4.689192295074463,800500.0,,
2020-08-06,4.793165303712566,4.850350392924671,4.699589252471924,4.699589252471924,376200.0,,
2020-08-07,4.678793876721562,4.767171134055596,4.667356662406138,4.7463765144348145,180700.0,,
2020-08-10,4.746377265389681,4.897138405438952,4.733380316206087,4.850350379943848,305900.0,,
2020-08-11,4.886741444585665,4.912215269792197,4.761973691839992,4.798364162445068,312100.0,,
2020-08-12,4.813959955200554,4.891939667841154,4.7255826831236485,4.7827677726745605,310800.0,,
2020-08-13,4.8347547558260695,4.925731421102782,4.787966728210449,4.787966728210449,182000.0,,
2020-08-14,4.782767840548944,4.803562463933737,4.683993503416905,4.722983360290527,273300.0,,
2020-08-17,4.730782696098192,4.735980981388551,4.652802467346191,4.652802467346191,188200.0,,
2020-08-18,4.642405637428577,4.668398552553392,4.574822967381289,4.590418815612793,165800.0,,
2020-08-19,4.580020293153663,4.596135716927535,4.5020400852127,4.507238864898682,261000.0,,
2020-08-20,4.465650863496673,4.567024616710289,4.442776424816709,4.502041339874268,194400.0,,
2020-08-21,4.481245392754619,4.502040015393134,4.424060304444432,4.491642951965332,237500.0,,
2020-08-24,4.502040352595659,4.694390750354678,4.450054039997058,4.611212253570557,365900.0,,
2020-08-25,4.6580014856600815,4.72558415570737,4.486445667764302,4.590418815612793,241900.0,,
2020-08-26,4.616411377370491,4.616411377370491,4.486444842520363,4.496841907501221,173700.0,,
2020-08-27,4.481245705223097,4.611212229721851,4.465649861102471,4.52803373336792,204700.0,,
2020-08-28,4.5592268869400625,4.678795876930192,4.502041286698652,4.652802467346191,205400.0,,
2020-08-31,4.6372060013716965,4.694391098202377,4.543629937664232,4.580020904541016,306000.0,,
2020-09-01,4.5748217443951855,4.933529132525081,4.5592259003329145,4.912734508514404,817700.0,,
2020-09-02,4.9127353868166574,4.9127353868166574,4.720384956383626,4.813961029052734,182700.0,,
2020-09-03,4.813959855092145,4.846191197951997,4.683993339538574,4.683993339538574,235900.0,,
2020-09-04,4.746377278092245,4.803562367304349,4.595616137639498,4.699589252471924,185800.0,,
2020-09-08,4.683994430815469,4.829556823329375,4.642405175811496,4.756775379180908,148400.0,,
2020-09-09,4.787967087952857,4.881023073871748,4.751576617421161,4.839953899383545,142800.0,,
2020-09-10,4.8607496775404195,4.9075372239842725,4.751577744271908,4.761974811553955,139500.0,,
2020-09-11,4.756775144337638,4.803563177852927,4.720384671951526,4.777569770812988,116300.0,,
2020-09-14,4.855549173790712,4.98915473793397,4.802003131190172,4.891939640045166,150000.0,,
2020-09-15,4.9387292851527,5.0115107373105445,4.8503519845978476,4.855550765991211,134100.0,,
2020-09-16,4.902338320843996,4.902338320843996,4.8087622481748875,4.813961029052734,148500.0,,
2020-09-17,4.782767948301394,4.8347547558260695,4.741178700594829,4.787966728210449,178900.0,,
2020-09-18,4.798364512138801,4.829556700489922,4.767172819570693,4.808762073516846,324300.0,,
2020-09-21,4.756775107254931,4.954324305122213,4.70998756988739,4.928330898284912,526500.0,,
2020-09-22,4.954324331618915,4.954324331618915,4.813960727199601,4.819159507751465,212700.0,,
2020-09-23,4.829556130583535,4.907535848584909,4.704788383468155,4.709987163543701,221700.0,,
2020-09-24,4.735980375730398,4.768732295677982,4.626808466065426,4.704788684844971,373600.0,,
2020-09-25,4.709987497737097,4.907536196795215,4.709987497737097,4.871145725250244,382900.0,,
2020-09-28,4.839953755511493,5.141476062967315,4.839953755511493,4.959522724151611,453500.0,,
2020-09-29,4.910847402559992,5.019015745301708,4.824312728366619,4.927072525024414,320800.0,,
2020-09-30,4.948706906704111,4.964932547294065,4.775637533377275,4.818904876708984,332100.0,,
2020-10-01,4.829721274237377,4.845946396701082,4.759411722511529,4.813495635986328,226200.0,,
2020-10-02,4.759411724932549,4.932481073399693,4.759411724932549,4.916255950927734,138700.0,,
2020-10-05,4.916256036257879,4.981157043059528,4.840537937095613,4.883805274963379,177300.0,,
2020-10-06,4.910846611633126,4.910846611633126,4.813494860951104,4.840537071228027,162200.0,,
2020-10-07,4.867579281504952,4.878396371930625,4.7594109561845155,4.840537071228027,194700.0,,
2020-10-08,4.808086967831184,4.921663841584276,4.808086967831184,4.8892130851745605,84900.0,,
2020-10-09,4.900030257068922,4.9703392848445365,4.851354379541739,4.856762409210205,148800.0,,
2020-10-12,4.851355121432981,4.932481252526272,4.689102343459036,4.726961135864258,354200.0,,
2020-10-13,4.748594368707427,4.791861703418272,4.678284820855475,4.705327033996582,128800.0,,
2020-10-14,4.672876707557059,4.840537497625985,4.667468161867789,4.748594284057617,145200.0,,
2020-10-15,4.710736140025904,4.8297215825252175,4.689102470097608,4.775637149810791,94200.0,,
2020-10-16,4.856762618906489,4.856762618906489,4.710735495807338,4.748594284057617,213300.0,,
2020-10-19,4.759411323883894,4.802678657354787,4.651242990206662,4.656651020050049,191300.0,,
2020-10-20,4.69451058867829,4.716144256634936,4.597158824979715,4.62960958480835,268000.0,,
2020-10-21,4.635017403519474,4.808087255064977,4.61825122135512,4.748594284057617,178900.0,,
2020-10-22,4.737777657148448,4.759411323883894,4.6187922322098425,4.656651020050049,186500.0,,
2020-10-23,4.689102129525051,4.716144343918171,4.651243338847087,4.71073579788208,61900.0,,
2020-10-26,4.705326457787078,4.705326457787078,4.467356146019033,4.624200344085693,190000.0,,
2020-10-27,4.597158336198163,4.662059333167664,4.494398553276605,4.5160322189331055,190700.0,,
2020-10-28,4.483581437526564,4.507919375727678,4.332145778776402,4.361891746520996,243200.0,,
2020-10-29,4.353779334341589,4.5430737740511535,4.315920291663499,4.478172779083252,185300.0,,
2020-10-30,4.440314034712689,4.478172819841725,4.326737163538318,4.445722579956055,80300.0,,
2020-11-02,4.4511318113958165,4.591750930972542,4.391639345015233,4.553892135620117,135000.0,,
2020-11-03,4.575524548259402,4.651242633927202,4.516032098240799,4.591749668121338,222300.0,,
2020-11-04,4.532257690416162,4.613383813967376,4.364596381746388,4.580933570861816,238500.0,,
2020-11-05,4.678285081146593,5.075804450127283,4.678285081146593,5.02983283996582,541500.0,,
2020-11-06,4.970339864430045,5.002790625161306,4.8567629755516455,4.916255950927734,276800.0,,
2020-11-09,5.05687505476496,5.3489298382150725,5.002790625471948,5.143409729003906,516900.0,,
2020-11-10,5.165043141745768,5.294845146675261,5.116367260950378,5.273211479187012,268000.0,,
2020-11-11,5.289437411481099,5.50036608865757,5.273212287325186,5.440873622894287,394900.0,,
2020-11-12,5.424647727751657,5.467915067323539,5.273212039250068,5.343521595001221,190100.0,,
2020-11-13,5.408422762192314,5.608534342498944,5.408422762192314,5.546337604522705,261300.0,,
2020-11-16,5.586900235864603,5.765378131818664,5.58149168973573,5.689660549163818,259600.0,,
2020-11-17,5.684252861958788,5.781604128052127,5.6193518459674205,5.73292875289917,229700.0,,
2020-11-18,5.770787247575879,5.889772695219297,5.6518017999324615,5.668026924133301,316000.0,,
2020-11-19,5.6626170133190765,5.824869748823188,5.651799923584763,5.770785331726074,289100.0,,
2020-11-20,5.732927795957575,5.759969494599602,5.5977172395980785,5.630167484283447,478100.0,,
2020-11-23,5.7004762270456535,5.895179214907187,5.668025471175098,5.79241943359375,145700.0,,
2020-11-24,5.819462218722887,6.019573771617029,5.819462218722887,5.987123012542725,320400.0,,
2020-11-25,5.868138101145797,6.046615986638035,5.80323658297833,5.976306438446045,180500.0,,
2020-11-27,5.960080743272363,6.030389768911353,5.895179231350227,5.916812896728516,98500.0,,
2020-11-30,5.905996403074383,5.984418247727881,5.846503951413548,5.8735456466674805,292400.0,,
2020-12-01,5.938447305265457,6.073657859747319,5.873546301008643,6.01416540145874,217600.0,,
2020-12-02,5.997940452951178,6.093669553052998,5.900588685854454,6.041207790374756,185300.0,,
2020-12-03,6.030390360723844,6.268361219026363,6.024982330688988,6.203460216522217,346900.0,,
2020-12-04,6.2359108510974375,6.327854072693301,6.133691598109691,6.24672794342041,185500.0,,
2020-12-07,6.246727635726989,6.276473606575273,6.08988341528098,6.171009540557861,194500.0,,
2020-12-08,6.171009230421623,6.235910230538866,6.062840896892885,6.084474563598633,222500.0,,
2020-12-09,6.095291157981823,6.138558487866341,5.922221322656491,5.970897197723389,249300.0,,
2020-12-10,5.949262952226073,6.073656384558395,5.8897705083872065,5.90058708190918,256300.0,,
2020-12-11,5.862728188684713,5.96007992745512,5.824869408401643,5.954671382904053,266800.0,,
2020-12-14,5.954671382904054,6.019572370155259,5.862728188684713,5.954671382904053,298200.0,,
2020-12-15,5.895180056296844,6.027686855541987,5.895180056296844,5.960081577301025,309700.0,,
2020-12-16,5.954672679452705,6.003348559436417,5.857320919485283,5.905996799468994,375100.0,,
2020-12-17,5.878954544861489,5.992531425421109,5.787011331275734,5.927630424499512,276200.0,,
2020-12-18,5.960081357450795,6.024982360273626,5.905996930538109,5.965489387512207,807000.0,,
2020-12-21,5.905996930538109,6.030390390335037,5.814053714258935,5.965489387512207,205600.0,,
2020-12-22,5.933039012325201,5.97630634658021,5.88436313234149,5.905996799468994,263800.0,,
2020-12-23,5.949264442064761,6.0520242372994515,5.938447350046722,5.981715202331543,273200.0,,
2020-12-24,6.024982319177986,6.03039034920251,5.933039103525945,5.976306438446045,117500.0,,
2020-12-28,6.008757119282048,6.079066672593769,5.862729982240286,5.884363651275635,396500.0,,
2020-12-29,5.981716045655458,5.981716045655458,5.797829581722505,5.81946325302124,413200.0,,
2020-12-30,5.8194625677910095,5.892205916593592,5.707549928726097,5.797080039978027,407100.0,,
2020-12-31,5.763505724204518,5.892205108058502,5.713144910125487,5.741123199462891,471800.0,,
2021-01-04,5.79708045499297,5.907874055645218,5.6571895127366005,5.724337100982666,249400.0,,
2021-01-05,5.735527147822899,5.936969860415998,5.724335619191443,5.847439765930176,281900.0,,
2021-01-06,5.897802775391358,6.037693733568232,5.886611776230869,5.98173713684082,184200.0,,
2021-01-07,6.02650175737047,6.104840339718339,6.009714460888867,6.060075283050537,136900.0,,
2021-01-08,6.076861300774533,6.116031120787219,5.987331198416689,6.082457065582275,176800.0,,
2021-01-11,6.043287195944477,6.093648007070578,5.931374578798394,5.97054386138916,112100.0,,
2021-01-12,5.981734885081018,6.0656697485757585,5.971103146377846,6.009713172912598,124000.0,,
2021-01-13,6.032095357439527,6.1775820190740784,6.032095357439527,6.116030216217041,140800.0,,
2021-01-14,6.127222752743263,6.306283509686272,6.127222752743263,6.26711368560791,168200.0,,
2021-01-15,6.3152355847595265,6.345451966791329,6.222347812617752,6.295091152191162,161700.0,,
2021-01-19,6.328664941461423,6.356642696275302,6.2111565568621465,6.239134311676025,196000.0,,
2021-01-20,6.272708917241877,6.390217312194871,6.239134861408944,6.311878204345703,171500.0,,
2021-01-21,6.300685449678831,6.395811292074654,6.23913312010426,6.25592041015625,195000.0,,
2021-01-22,6.261517097910554,6.311877912510721,6.188774291978633,6.295091152191162,129100.0,,
2021-01-25,6.261516835712008,6.395812513569373,6.1943692636040595,6.239134311676025,141200.0,,
2021-01-26,6.27830521638503,6.3314633866516745,6.222348629782548,6.26711368560791,104000.0,,
2021-01-27,6.199965850039533,6.317474250218541,6.1356161516095264,6.1663923263549805,200900.0,,
2021-01-28,6.166393155699468,6.289496803954943,6.11043656384399,6.1384148597717285,142500.0,,
2021-01-29,6.1216275666824105,6.19884764215599,5.903398032291738,6.020906448364258,191300.0,,
2021-02-01,6.043287043645222,6.149044637616504,6.004117228400138,6.104838848114014,128600.0,,
2021-02-02,6.183179164756475,6.457365257355247,6.127222579733992,6.401408672332764,258600.0,,
2021-02-03,6.37343022830204,6.387978896152541,6.255921839300531,6.379025459289551,203000.0,,
2021-02-04,6.407003879547119,6.517238203693783,6.39133616517937,6.407003879547119,148300.0,,
2021-02-05,6.43498190109848,6.530107763197341,6.3790253232845116,6.507725238800049,130500.0,,
2021-02-08,6.541299132580111,6.619638239270483,6.418195508177177,6.518916606903076,185700.0,,
2021-02-09,6.462960607834882,6.602851527772253,6.429386552247648,6.552490711212158,175300.0,,
2021-02-10,6.686786820546011,6.686786820546011,6.563682644013367,6.630830764770508,234400.0,,
2021-02-11,6.6532134555504365,6.804295396822882,6.630830925967793,6.737147808074951,339300.0,,
2021-02-12,6.748338523916909,6.787507812541172,6.630830124402585,6.68678617477417,127100.0,,
2021-02-16,6.748339382658863,6.8378695015595445,6.697978557366829,6.770721912384033,95300.0,,
2021-02-17,6.731551586625984,6.826677464323772,6.686786530490738,6.7763166427612305,57400.0,,
2021-02-18,6.770721912384033,6.78750867626751,6.703573789566921,6.770721912384033,99100.0,,
2021-02-19,6.776315102426838,6.799817205150871,6.686785010507566,6.742741584777832,101400.0,,
2021-02-22,6.669999562298615,6.795901612325002,6.669999562298615,6.753933906555176,82700.0,,
2021-02-23,6.8266779912719215,6.8266779912719215,6.614043691395577,6.6923828125,280100.0,,
2021-02-24,6.770719738510163,7.112053340637487,6.720358929387466,7.078479290008545,359800.0,,
2021-02-25,6.8490587084090295,7.246348907361136,6.818283071611485,6.843462944030762,233000.0,,
2021-02-26,7.084076309746821,7.089672074783764,6.854655279647389,6.972163677215576,309700.0,,
2021-03-01,7.117650322831276,7.2015846633064085,7.03931121371737,7.134437084197998,140300.0,,
2021-03-02,7.145628372692267,7.201584419903953,7.061693501412481,7.195988655090332,148000.0,,
2021-03-03,7.246348594343777,7.355463860440732,7.209977194739086,7.268731117248535,160300.0,,
2021-03-04,7.2911152091788285,7.3638585576837965,7.02812064186266,7.100863456726074,203900.0,,
2021-03-05,7.134437212579888,7.198786910344876,6.826677069230488,7.162415504455566,235700.0,,
2021-03-08,7.190394199229152,7.3470718954138965,7.061694262846226,7.285520076751709,262700.0,,
2021-03-09,7.263136468117753,7.324688815786172,7.195988889095268,7.212776184082031,214200.0,,
2021-03-10,7.347070828499826,7.464579216984647,7.296710014343261,7.296710014343262,257200.0,,
2021-03-11,7.380645483106172,7.4477936013952855,7.2883174875106,7.4030280113220215,210700.0,,
2021-03-12,7.4701746855707425,7.526130728472862,7.431004868533649,7.48136568069458,193400.0,,
2021-03-15,7.509344996298952,7.570896812004455,7.481366704199528,7.554110050201416,201800.0,,
2021-03-16,7.531726651151294,7.570895935370152,7.35826168713361,7.42540979385376,216100.0,,
2021-03-17,7.436601974014691,7.537323616500446,7.431006208622914,7.486962795257568,138400.0,,
2021-03-18,7.514940298672309,7.53172705944161,7.335879560447595,7.352666854858398,143000.0,,
2021-03-19,7.279924018183969,7.5373233469432055,7.279924018183969,7.509345054626465,377800.0,,
2021-03-22,7.526130756621597,7.554109044998031,7.419813901160906,7.520534992218018,215200.0,,
2021-03-23,7.481366448457077,7.554109791972311,7.439399278563313,7.498153209686279,183200.0,,
2021-03-24,7.537323324276348,7.6940010136807615,7.4421974508704265,7.470175743103027,664800.0,,
2021-03-25,7.287198809695942,7.610067449249557,7.287198809695942,7.604471683502197,161800.0,,
2021-03-26,7.598873570515942,7.733168705120184,7.521094265034545,7.721977710723877,204000.0,,
2021-03-29,7.766742451837327,7.766742451837327,7.554108230209282,7.626851558685303,305800.0,,
2021-03-30,7.672867936973582,7.741889171142621,7.603846702804544,7.649860858917236,156900.0,,
2021-03-31,7.644108916060713,7.692999025265362,7.534825432943736,7.592342853546143,237900.0,,
2021-04-01,7.5865906634440705,7.695874691009522,7.563583586356394,7.6958746910095215,118700.0,,
2021-04-05,7.764894346410613,7.816660396485117,7.740161592714503,7.747639179229736,174600.0,,
2021-04-06,7.799406986760877,7.8109102512962245,7.7073781278181075,7.770648002624512,199300.0,,
2021-04-07,7.851172195180747,7.923069378464571,7.816661854382419,7.845420837402344,208700.0,,
2021-04-08,7.845419503142218,7.914440721532505,7.845419503142218,7.874177932739258,134000.0,,
2021-04-09,7.879930878073004,7.943200748013437,7.879930878073004,7.920193672180176,130700.0,,
2021-04-12,7.937448182625871,7.943200088239413,7.868426960859096,7.914441108703613,88900.0,,
2021-04-13,7.925945286744686,7.925945286744686,7.839668886705367,7.856924057006836,106800.0,,
2021-04-14,7.879930472951981,7.905813500500201,7.770647005495438,7.7821502685546875,171500.0,,
2021-04-15,7.782151420205218,7.851172654370682,7.753392435503272,7.816662311553955,126000.0,,
2021-04-16,7.8454200438923944,7.940324294286854,7.83966813816378,7.891434192657471,268900.0,,
2021-04-19,7.902938564578652,7.977711703947573,7.833917331745494,7.9374494552612305,207300.0,,
2021-04-20,7.954704770614569,7.9811632120397675,7.799407131056259,7.885683536529541,186700.0,,
2021-04-21,7.793654480831267,7.949527515594697,7.793654480831267,7.920193672180176,168500.0,,
2021-04-22,7.879929708502914,7.931695758577418,7.747639179229736,7.747639179229736,311200.0,,
2021-04-23,7.787901589007883,7.934571884580013,7.764894516086679,7.862674713134766,128800.0,,
2021-04-26,7.8684280246531255,7.960456332784182,7.8684280246531255,7.902938365936279,97900.0,,
2021-04-27,7.960454759410825,7.977709926641941,7.920192519694262,7.954702854156494,103800.0,,
2021-04-28,7.966208727037952,8.035229962363209,7.954704913551066,8.00071907043457,182500.0,,
2021-04-29,8.035229682922363,8.040981040933772,7.966208449997454,8.035229682922363,153500.0,,
2021-04-30,8.035228383928446,8.040979741010078,7.902937297476528,7.914441108703613,103500.0,,
2021-05-03,7.994966875022864,8.02372585916968,7.9374494552612305,7.9374494552612305,99500.0,,
2021-05-04,7.937447794329266,7.960454867126028,7.856922765274658,7.874177932739258,105000.0,,
2021-05-05,7.891435443169629,7.937449599226314,7.793655224416171,7.885683536529541,147900.0,,
2021-05-06,7.862674541322037,7.897184875683791,7.626851911899852,7.747639179229736,267400.0,,
2021-05-07,7.770647656967518,7.885683039863934,7.744764627249328,7.856924057006836,141700.0,,
2021-05-10,7.914440220230872,7.954702457942019,7.736135005950928,7.736135005950928,142600.0,,
2021-05-11,7.6728661313065665,7.690121298655139,7.534823695454221,7.569334030151367,238800.0,,
2021-05-12,7.56358354679754,7.621101513481895,7.350767947716601,7.402534008026123,250400.0,,
2021-05-13,7.40253399639021,7.592342518205448,7.40253399639021,7.540576457977295,207100.0,,
2021-05-14,7.649860085816527,7.6843704251474,7.569335046491233,7.655611991882324,251200.0,,
2021-05-17,7.6843710502154146,7.799406986760877,7.661363972612722,7.770648002624512,123500.0,,
2021-05-18,7.793652969506544,7.891433159969611,7.764893993158845,7.805156230926514,162900.0,,
2021-05-19,7.770647656967518,7.868427869562465,7.718881597531138,7.856924057006836,173400.0,,
2021-05-20,7.868428365141287,7.914442521197972,7.828165567192681,7.885683536529541,83700.0,,
2021-05-21,7.9316976560754195,7.9374495626890305,7.787903281927184,7.828165531158447,86700.0,,
2021-05-24,7.828163302298303,7.851170373670093,7.7821491595547245,7.805156230926514,162000.0,,
2021-05-25,7.828165388706601,7.874179543714141,7.454300242137344,7.477307319641113,957600.0,,
2021-05-26,7.517567558359868,7.6717154301033466,7.500312391978112,7.626851558685303,221800.0,,
2021-05-27,7.655612104507984,7.736136596485962,7.632605028438282,7.71312952041626,189400.0,,
2021-05-28,7.713128115608146,7.810908308228462,7.701624853934389,7.741887092590332,201700.0,,
2021-06-01,7.805158498260373,7.879931639072628,7.764896248796854,7.816662311553955,222700.0,,
2021-06-02,7.856923802239744,7.925945029739524,7.80515774448192,7.920193672180176,208700.0,,
2021-06-03,7.925945281982422,7.971959435113341,7.8856830351258616,7.925945281982422,156200.0,,
2021-06-04,7.960456235494166,7.989215218566635,7.914442081991007,7.943201065063477,128300.0,,
2021-06-07,7.966208077370957,7.9949665116788005,7.925945281982422,7.925945281982422,103600.0,,
2021-06-08,7.914441268857415,8.012221472138636,7.914441268857415,7.960455417633057,171100.0,,
2021-06-09,7.9662063270845005,7.989213398594986,7.948950612052746,7.971957683563232,154600.0,,
2021-06-10,7.994965593165562,8.006469404392647,7.90868920309007,7.914441108703613,264500.0,,
2021-06-11,7.948953363758388,8.035230323188273,7.948953363758388,8.012223243713379,176000.0,,
2021-06-14,8.000718280418369,8.02372535658833,7.862675823398604,7.908689975738525,336400.0,,
2021-06-15,7.943201805087625,7.966208883982647,7.868428661545798,7.879931926727295,219500.0,,
2021-06-16,7.8971860478149605,7.9316969358308285,7.839668632497788,7.920193672180176,261800.0,,
2021-06-17,7.920194583974081,7.943201662455977,7.718882235858474,7.764896392822266,310100.0,,
2021-06-18,7.787901236349086,7.856922451987216,7.646982852521422,7.741887092590332,688900.0,,
2021-06-21,7.753391197830321,7.902937455582779,7.747639840633627,7.891434192657471,200600.0,,
2021-06-22,7.908691375751743,7.917319236542287,7.80515924039346,7.851173400878906,161400.0,,
2021-06-23,7.902939005622316,7.908690912479079,7.839669675794013,7.879931926727295,108600.0,,
2021-06-24,7.920193672180177,7.925945029739524,7.879930878073004,7.920193672180176,212600.0,,
2021-06-25,7.9316971930225,7.9403250524392215,7.833916980427554,7.856924057006836,260700.0,,
2021-06-28,7.856925308072602,7.908691375751743,7.764896987101711,7.851173400878906,237100.0,,
2021-06-29,7.904340059603768,7.9279703509455635,7.815726044529092,7.839356899261475,243900.0,,
2021-06-30,7.862988180266057,7.862988180266057,7.721205850979481,7.803912162780762,372400.0,,
2021-07-01,7.8157249718994,7.868893260969275,7.774372108574168,7.827540397644043,156900.0,,
2021-07-02,7.827541055572241,7.886617062479952,7.803910765487268,7.8748016357421875,137100.0,,
2021-07-06,7.886617689057279,7.922062845305513,7.8748022613808,7.9043402671813965,156900.0,,
2021-07-07,7.916154438328152,7.963415018114725,7.756650122396106,7.786188125610352,135800.0,,
2021-07-08,7.768466439611454,7.827542457096749,7.65385982204378,7.803912162780762,149500.0,,
2021-07-09,7.862987925837474,7.978185536476541,7.809819624499246,7.939785957336426,189900.0,,
2021-07-12,7.904340322679866,8.016584069441503,7.892524894920429,7.992953777313232,119300.0,,
2021-07-13,7.963416522910125,8.02249254050183,7.8807107743505265,7.927971363067627,238400.0,,
2021-07-14,7.969323459090329,8.01067689272235,7.8157262790642,7.868894577026367,146800.0,,
2021-07-15,7.868894549457791,7.933878274913039,7.768465667745683,7.798003673553467,253100.0,,
2021-07-16,7.803912948584904,7.883665411203419,7.756652355194092,7.756652355194092,151300.0,,
2021-07-19,7.7861892660806005,7.7861892660806005,7.538070904163056,7.67394495010376,220900.0,,
2021-07-20,7.709391051172928,7.992954585379702,7.697575622218982,7.963416576385498,292600.0,,
2021-07-21,8.010675298289426,8.063843022278567,7.898431010845653,7.9456915855407715,105100.0,,
2021-07-22,7.927970051121897,7.975230632018167,7.851171466317818,7.886617183685303,89000.0,,
2021-07-23,7.9397854531790575,7.957508594760181,7.857079712696221,7.868894577026367,89600.0,,
2021-07-26,7.89252329816114,7.957507010909795,7.868893010813581,7.9456915855407715,103400.0,,
2021-07-27,7.898431899199285,7.951600192558868,7.8688938958450105,7.910247325897217,157700.0,,
2021-07-28,7.922062337662223,7.95455419829987,7.874801756765953,7.886617183685303,187100.0,,
2021-07-29,7.9456925059971075,7.9456925059971075,7.851171345657215,7.8748016357421875,192400.0,,
2021-07-30,7.91910769360299,7.945691838137927,7.786187534318811,7.827540397644043,285800.0,,
2021-08-02,7.886617539976424,7.963415564859418,7.80981895170284,7.821633815765381,113200.0,,
2021-08-03,7.868894670631258,7.886617812423209,7.750743208971298,7.809819221496582,115300.0,,
2021-08-04,7.972279254595447,8.146552912119443,7.916157086056176,8.063846588134766,546500.0,,
2021-08-05,8.081566815730406,8.27060912984182,8.081566815730406,8.134735107421875,491200.0,,
2021-08-06,8.193810468595153,8.264701335692273,8.111104175286583,8.246978759765625,217700.0,,
2021-08-09,8.270610820822396,8.270610820822396,8.146551635974435,8.164274215698242,155000.0,,
2021-08-10,8.187905147967218,8.270611465442292,8.176090281694034,8.264703750610352,90600.0,,
2021-08-11,8.365131731376842,8.430115460616843,8.264702843815598,8.406484603881836,346200.0,,
2021-08-12,8.430114654581258,8.441929518428463,8.359223217935707,8.43602180480957,152800.0,,
2021-08-13,8.412394460052727,8.447840190789893,8.359226145642367,8.4301176071167,158000.0,,
2021-08-16,8.371038943156309,8.41770853026946,8.300148067377846,8.335593223571777,89100.0,,
2021-08-17,8.306057191043235,8.314327766451674,8.187905147967218,8.264703750610352,124400.0,,
2021-08-18,8.241072356378597,8.359223820317775,8.211534349546149,8.235164642333984,99500.0,,
2021-08-19,8.181996771743329,8.235755503850902,7.963415862807011,7.987046718597412,252200.0,,
2021-08-20,7.975231076938965,8.223349422181649,7.963415649360459,8.193811416625977,106600.0,,
2021-08-23,8.25288668100741,8.34150012626599,8.18790296198661,8.258793830871582,150100.0,,
2021-08-24,8.294239337830371,8.35331534210657,8.241071046659899,8.246978759765625,112900.0,,
2021-08-25,8.217441707386273,8.388761463519472,8.217441707386273,8.300148010253906,139300.0,,
2021-08-26,8.270610657908259,8.353316967307972,8.25288807853355,8.294240951538086,66000.0,,
2021-08-27,8.282424632219831,8.365130363707726,8.262929629313321,8.32968521118164,137400.0,,
2021-08-30,8.359221206885156,8.359221206885156,8.16427121148716,8.187901496887207,122900.0,,
2021-08-31,8.152456350482359,8.241069779884922,8.099288067484641,8.187901496887207,160800.0,,
2021-09-01,8.211531782287253,8.249931348181358,8.16427121148716,8.187901496887207,90600.0,,
2021-09-02,8.181997202311177,8.25879523410894,8.14182519606598,8.241072654724121,154500.0,,
2021-09-03,8.26470259044474,8.289514313187084,8.211534291202222,8.252887725830078,116000.0,,
2021-09-07,8.25879457917375,8.25879457917375,8.087474822998047,8.087474822998047,133600.0,,
2021-09-08,8.069754303431688,8.167229352267928,8.063846588134766,8.063846588134766,91100.0,,
2021-09-09,8.075659455721325,8.146550326613216,8.063844028877396,8.122920036315918,147000.0,,
2021-09-10,8.134734863481476,8.170180014619188,8.111104011535645,8.111104011535645,80600.0,,
2021-09-13,8.164273412096204,8.164273412096204,8.075659958808652,8.087474822998047,194700.0,,
2021-09-14,8.105196861939707,8.152457439050332,8.08747372298033,8.111104011535645,130600.0,,
2021-09-15,8.063843434425019,8.146549726063874,8.016582857314392,8.111104011535645,313700.0,,
2021-09-16,8.105198265900528,8.128828558549017,7.99295395327724,8.040214538574219,247100.0,,
2021-09-17,8.016584543210708,8.158366867750082,8.016584543210708,8.046122550964355,619800.0,,
2021-09-20,7.992953243516623,8.063844115167102,7.886617217736187,8.010676383972168,281800.0,,
2021-09-21,8.04021388558535,8.152458189092677,8.04021388558535,8.099289894104004,113600.0,,
2021-09-22,8.146550477386667,8.223349063121882,8.117012473120727,8.152458190917969,169100.0,,
2021-09-23,8.19971913041523,8.282425433292989,8.193811416625977,8.193811416625977,173100.0,,
2021-09-24,8.193810614888237,8.276516909673454,8.189675328318504,8.223348617553711,158400.0,,
2021-09-27,8.241072806590973,8.294241109115857,8.152459344643264,8.217442512512207,212000.0,,
2021-09-28,8.217441860311693,8.246979866413445,8.10519811319376,8.117012977600098,251000.0,,
2021-09-29,8.165617246369957,8.256751717917627,8.147390583826484,8.220297813415527,237600.0,,
2021-09-30,8.26282917829236,8.26282917829236,8.147392272949219,8.147392272949219,227500.0,,
2021-10-01,8.202071150872056,8.281054127780642,8.153466331146026,8.220297813415527,187800.0,,
2021-10-04,8.232451169921063,8.281056000639651,8.123090011096595,8.135241508483887,245700.0,,
2021-10-05,8.171692119332004,8.226372680526847,8.123087304806608,8.183843612670898,185500.0,,
2021-10-06,8.135238798145505,8.205715373616762,8.123087304806608,8.183843612670898,115900.0,,
2021-10-07,8.226374119114316,8.244600782894954,8.117012977600098,8.117012977600098,158200.0,,
2021-10-08,8.117011632642924,8.256750910247415,8.117011632642924,8.208146095275879,100800.0,,
2021-10-11,8.226374654240066,8.323584306613887,8.220298906112895,8.268903732299805,140500.0,,
2021-10-12,8.262827833409526,8.350923855807626,8.256752085819263,8.281054496765137,226900.0,,
2021-10-13,8.293204790327168,8.390415006232582,8.28712962260788,8.360036849975586,202900.0,,
2021-10-14,8.414720205515936,8.414720205515936,8.335737204824545,8.396492958068848,172100.0,,
2021-10-15,8.475472411529108,8.499774818538631,8.390414276703316,8.432943344116211,204900.0,,
2021-10-18,8.487623714778573,8.49977462830384,8.390414088916138,8.402565002441406,199400.0,,
2021-10-19,8.445095135326389,8.47547329209824,8.426868473029337,8.46939754486084,92200.0,,
2021-10-20,8.487624537317084,8.657741399062424,8.463322128496321,8.609136581420898,350700.0,,
2021-10-21,8.609138197807924,8.633440611191524,8.53623095765712,8.572684288024902,106300.0,,
2021-10-22,8.596987878486722,8.603063627518308,8.566610292159426,8.584836959838867,91900.0,,
2021-10-25,8.584835234527583,8.630402184276166,8.584835234527583,8.615213394165039,94400.0,,
2021-10-26,8.61521313973477,8.627364055581783,8.560532569885254,8.560532569885254,149700.0,,
2021-10-27,8.560534122383375,8.587874412266439,8.46939962963473,8.499777793884277,238100.0,,
2021-10-28,8.511927708035051,8.596985856813657,8.511927708035051,8.57875919342041,156100.0,,
2021-10-29,8.596986701408504,8.639516359391235,8.557495496940867,8.572684288024902,119000.0,,
2021-11-01,8.603059043081409,8.657739596396631,8.548378489766186,8.569643020629883,173100.0,,
2021-11-02,8.590912286632923,8.590912286632923,8.49370204515131,8.499777793884277,245200.0,,
2021-11-03,8.505850292695051,8.66989196931626,8.505850292695051,8.590909004211426,429800.0,,
2021-11-04,8.63343887783529,8.700270356368467,8.566607399302113,8.603060722351074,274500.0,,
2021-11-05,8.748875436408285,8.748875436408285,8.596985233835815,8.65774154663086,212500.0,,
2021-11-08,8.651664730081635,8.671714229707668,8.548379358745704,8.590909004211426,206600.0,,
2021-11-09,8.609138841580103,8.66442664785214,8.439021935173932,8.493701934814453,317800.0,,
2021-11-10,8.530154049805637,8.633439437498378,8.378263841953387,8.439020156860352,254500.0,,
2021-11-11,8.475472411529108,8.514964185054014,8.384338530097162,8.432943344116211,192100.0,,
2021-11-12,8.420793963697504,8.584835686731497,8.420793963697504,8.505852699279785,164700.0,,
2021-11-15,8.54838071251166,8.590910364712599,8.414717746780598,8.439020156860352,101700.0,,
2021-11-16,8.42079170200175,8.518001907736,8.372186888842165,8.445094108581543,150400.0,,
2021-11-17,8.420792914739167,8.4754734822724,8.414717746780598,8.439020156860352,116800.0,,
2021-11-18,8.439020929093171,8.487625753700378,8.384340356556258,8.408642768859863,92800.0,,
2021-11-19,8.390414088916138,8.414716495381747,8.32358203657441,8.402565002441406,193300.0,,
2021-11-22,8.402567061828044,8.439020970168489,8.335735572521648,8.390416145324707,182200.0,,
2021-11-23,8.408642768859863,8.439020929093171,8.37218886069685,8.408642768859863,82800.0,,
2021-11-24,8.353963872856303,8.445097792430422,8.353963872856303,8.396492958068848,111500.0,,
2021-11-26,8.353961029198073,8.396490099933876,8.2324489846564,8.335734367370605,220600.0,,
2021-11-29,8.396492958068848,8.445097792430422,8.347888123707273,8.396492958068848,200000.0,,
2021-11-30,8.378264172596444,8.420186019948364,8.28105452844111,8.323583602905273,172100.0,,
2021-12-01,8.408645046525566,8.44509838514755,8.293208122253418,8.293208122253418,119600.0,,
2021-12-02,8.311433160099757,8.439020970168489,8.299281664181203,8.390416145324707,203800.0,,
2021-12-03,8.420795354154622,8.504031263158751,8.335737183942612,8.353963851928711,115400.0,,
2021-12-06,8.43294448175153,8.51192746004135,8.384339661175511,8.463322639465332,135900.0,,
2021-12-07,8.50585298941279,8.560533565622599,8.481550575476792,8.542306900024414,135500.0,,
2021-12-08,8.572684482882972,8.615214141832407,8.511928737750603,8.542306900024414,156300.0,,
2021-12-09,8.518005040083182,8.548382624917439,8.475475378367697,8.499777793884277,138100.0,,
2021-12-10,8.451172962851116,8.518005040083182,8.44509721411815,8.499777793884277,97000.0,,
2021-12-13,8.505851115371149,8.536229270951928,8.329658508300781,8.329658508300781,208700.0,,
2021-12-14,8.323585554417425,8.390417635004766,8.26890497190608,8.30535888671875,217000.0,,
2021-12-15,8.329659238899625,8.402566471039151,8.254321939513332,8.31750774383545,280600.0,,
2021-12-16,8.329662040290772,8.408645046525566,8.256754783631434,8.293208122253418,331500.0,,
2021-12-17,8.256752053910171,8.353961697317988,8.098786093664879,8.238525390625,1242900.0,,
2021-12-20,8.177769759105098,8.268903662583382,8.04410619851042,8.244601249694824,291500.0,,
2021-12-21,8.332697928804643,8.432945455242049,8.202072241146611,8.268903732299805,426500.0,,
2021-12-22,8.378263174690055,8.432943737868408,8.287129289002873,8.341809272766113,323200.0,,
2021-12-23,8.372188418214813,8.53015437954712,8.372188418214813,8.518003463745117,193100.0,,
2021-12-27,8.566609021755019,8.566609021755019,8.45117212493512,8.505852699279785,131700.0,,
2021-12-28,8.51192851675979,8.615213918160048,8.501599860736716,8.530155181884766,223600.0,,
2021-12-29,8.612174974906285,8.612174974906285,8.426868734325735,8.463322639465332,303400.0,,
2021-12-30,8.469574344489049,8.594586390954772,8.438321183846503,8.463323593139648,287000.0,,
2021-12-31,8.482073136176746,8.625837400844718,8.475822982490207,8.582082748413086,488800.0,,
2022-01-03,8.660216140410716,8.738348731772506,8.594585049796908,8.600835800170898,205700.0,,
2022-01-04,8.62583806009183,8.713346179434458,8.60708640539046,8.682093620300293,117700.0,,
2022-01-05,8.738349627952301,8.7614772874871,8.569583523276942,8.575834274291992,197500.0,,
2022-01-06,8.6383388901029,8.669592045072166,8.563331675839276,8.65709114074707,139900.0,,
2022-01-07,8.682093558705086,8.857110392253038,8.663341308032399,8.850859642028809,230100.0,,
2022-01-10,8.882112721808424,8.9258667807987,8.800854757894808,8.825857162475586,358300.0,,
2022-01-11,8.807106956316392,8.944620502175724,8.807106956316392,8.938369750976562,370600.0,,
2022-01-12,8.938369238966837,8.98212330264575,8.882113673605717,8.957120895385742,285800.0,,
2022-01-13,8.957121408469604,9.000250757197596,8.919618093483523,8.938369750976562,160300.0,,
2022-01-14,8.938367535394137,8.982121590733918,8.832107175765271,8.838357925415039,349400.0,,
2022-01-18,8.850860515504605,9.004000334485205,8.8446097646635,8.957120895385742,236800.0,,
2022-01-19,8.944620516084305,8.975873079919822,8.838360129951106,8.869612693786621,235000.0,,
2022-01-20,8.875862261413682,8.944619323333841,8.713346328280677,8.732098579406738,248200.0,,
2022-01-21,8.694595720507715,8.788355199118088,8.538330518928197,8.557082176208496,274300.0,,
2022-01-24,8.494576299409625,8.707097065085906,8.300807190674066,8.575834274291992,593500.0,,
2022-01-25,8.550831565825797,8.816481917480706,8.550831565825797,8.80085563659668,404300.0,,
2022-01-26,8.907115942140225,8.923367536411337,8.744599999429102,8.775853157043457,239100.0,,
2022-01-27,8.800856682318006,8.878989288230706,8.65709297356879,8.694596290588379,279800.0,,
2022-01-28,8.669592561552655,8.719597374040715,8.613336998477491,8.700845718383789,120300.0,,
2022-01-31,8.713345604859215,8.825856717856938,8.663340798216742,8.80710506439209,171400.0,,
2022-02-01,8.850859716578874,8.919616777415825,8.807105656849437,8.875862121582031,173000.0,,
2022-02-02,8.919618976915915,8.919618976915915,8.825859487955535,8.913368225097656,168200.0,,
2022-02-03,8.875863302447742,8.97587293576589,8.819607734680176,8.819607734680176,173200.0,,
2022-02-04,8.825858402125881,8.957121193637784,8.763352679946767,8.863362312316895,143500.0,,
2022-02-07,8.882114986488384,9.007127041266699,8.882114986488384,8.950871467590332,167300.0,,
2022-02-08,9.013374899162962,9.025875802574955,8.869610635247032,8.888362884521484,219500.0,,
2022-02-09,8.919616702286625,8.975871665991633,8.825857237236244,8.850859642028809,169900.0,,
2022-02-10,8.850860750350936,8.938369476135103,8.750851118657277,8.76960277557373,473700.0,,
2022-02-11,8.769601739642921,8.844608954552756,8.66334136949457,8.682093620300293,626400.0,,
2022-02-14,8.707096846899729,8.738349408982984,8.557081806819808,8.563332557678223,203000.0,,
2022-02-15,8.688346222073992,8.688346222073992,8.594587326049805,8.594587326049805,159500.0,,
2022-02-16,8.619587309823254,8.738348584404402,8.60708640539046,8.682093620300293,181500.0,,
2022-02-17,8.68834451128003,8.744600076259252,8.594585633717601,8.607087135314941,179500.0,,
2022-02-18,8.582085821990834,8.663343810060574,8.57583566606587,8.594587326049805,149900.0,,
2022-02-22,8.594586880284199,8.719598933867433,8.538331307145619,8.638340950012207,302200.0,,
2022-02-23,8.788354147176953,9.000874295159312,8.719597085205152,8.794604301452637,245100.0,,
2022-02-24,8.65709136321559,8.76335173517914,8.488324679707231,8.732098579406738,327600.0,,
2022-02-25,8.719597592558499,8.80085556391406,8.719597592558499,8.775853157043457,204300.0,,
2022-02-28,8.719596793981191,8.857110317227646,8.688343639229132,8.825857162475586,222000.0,,
2022-03-01,8.850862200025405,8.882115364074707,8.707098479944948,8.882115364074707,220400.0,,
2022-03-02,8.875860557140436,9.138386061453547,8.875860557140436,9.107132911682129,304800.0,,
2022-03-03,8.932116940619924,9.00087339964666,8.563331050349337,8.888362884521484,763500.0,,
2022-03-04,8.888362884521484,8.975246279405134,8.825856579148592,8.888362884521484,181100.0,,
2022-03-07,8.82585693563039,8.907114897455488,8.744598973805296,8.750849723815918,261900.0,,
2022-03-08,8.738349830174014,8.857111717790625,8.66646798015074,8.7821044921875,242700.0,,
2022-03-09,8.857111787473304,8.907116604935464,8.757102152548985,8.869612693786621,295100.0,,
2022-03-10,8.800854040410957,8.985246982700813,8.800854040410957,8.969620704650879,229800.0,,
2022-03-11,8.9508684556658,9.021500257750896,8.888362747361764,8.969620704650879,147900.0,,
2022-03-14,9.007126009688417,9.081508516522637,8.8708630942227,8.925868034362793,229900.0,,
2022-03-15,8.938367779406772,9.01962573875916,8.888362973052118,8.975871086120605,134400.0,,
2022-03-16,9.000875474654846,9.000875474654846,8.850861022501634,8.938369750976562,166700.0,,
2022-03-17,8.938367719361386,9.169640096224112,8.90086381679518,9.150888442993164,347000.0,,
2022-03-18,9.119636239883668,9.182141955864,9.013375867002297,9.01962661743164,948200.0,,
2022-03-21,9.044630190087762,9.232148554433293,9.044630190087762,9.157140731811523,166300.0,,
2022-03-22,9.207145549489738,9.238398709564734,9.100885759001867,9.157140731811523,240600.0,,
2022-03-23,9.194645609305491,9.219022707140802,9.088385211547218,9.094635963439941,122300.0,,
2022-03-24,9.100885319313303,9.157140289405127,9.03837900218316,9.075882911682129,214900.0,,
2022-03-25,9.125887359255996,9.175892172503612,9.094634201950136,9.144639015197754,131200.0,,
2022-03-28,9.175892899430494,9.300904942453162,9.107135828689694,9.26340103149414,311400.0,,
2022-03-29,9.263400804944359,9.350909530972297,9.229022866519164,9.257150650024414,294000.0,,
2022-03-30,9.231452319412355,9.282845185600978,9.16399941228402,9.244300842285156,230800.0,,
2022-03-31,9.244300842285156,9.351583435137625,9.244300842285156,9.244300842285156,165500.0,,
2022-04-01,9.282848031717434,9.385633795608742,9.250727327338529,9.366361618041992,146600.0,,
2022-04-04,9.404906585277011,9.404906585277011,9.257151590203286,9.302120208740234,301800.0,,
2022-04-05,9.263574276521055,9.366360022907475,9.23787783992445,9.282846450805664,142500.0,,
2022-04-06,9.237880414461754,9.279636905824235,9.156294220846275,9.167215347290039,117900.0,,
2022-04-07,9.250724491070267,9.30211735725889,9.15436302012942,9.244300842285156,185800.0,,
2022-04-08,9.27642378129245,9.320750341144336,9.218607248511292,9.25715160369873,84600.0,,
2022-04-11,9.231452319984546,9.39719471167647,9.231452319984546,9.334238052368164,374400.0,,
2022-04-12,9.334239638060886,9.462721825366852,9.263574588205453,9.276422500610352,219100.0,,
2022-04-13,9.27642313600177,9.43060238398088,9.27642313600177,9.392057418823242,115600.0,,
2022-04-14,9.353513703881317,9.4306030267998,9.28927229512351,9.366361618041992,180400.0,,
2022-04-18,9.398480417740926,9.507690422905998,9.347087546210462,9.475569725036621,217400.0,,
2022-04-19,9.507690747500552,9.552659358462106,9.469145786211095,9.533387184143066,206600.0,,
2022-04-20,9.539812071986564,9.565508510313977,9.47557066984232,9.520539283752441,216300.0,,
2022-04-21,9.539811752404535,9.559083927341629,9.359936077487026,9.385632514953613,220300.0,,
2022-04-22,9.398480721915545,9.501266468303054,9.17363644220434,9.205757141113281,181500.0,,
2022-04-25,9.141513532445416,9.225027084350586,9.051576332433099,9.225027084350586,212500.0,,
2022-04-26,9.231454228207953,9.23273895823062,9.013034195417763,9.025882720947266,261300.0,,
2022-04-27,9.064425806737015,9.167212158668644,9.02588146083257,9.109395027160645,370800.0,,
2022-04-28,9.135091774753024,9.167212472540715,9.032306031953492,9.102971076965332,217100.0,,
2022-04-29,9.077277202693061,9.147942267645181,8.98412721408881,9.000187873840332,240700.0,,
2022-05-02,9.058001813355514,9.109394681042955,8.801036862266999,8.897398948669434,335300.0,,
2022-05-03,8.942367273842027,9.167211522400422,8.878125884924975,9.135090827941895,194300.0,,
2022-05-04,9.372783981975694,9.565507556540608,9.302118324132792,9.475569725036621,393600.0,,
2022-05-05,9.424178131531619,9.46914674705619,9.160789476056667,9.347088813781738,240500.0,,
2022-05-06,9.449873606237912,9.597627963681113,9.347087859729358,9.501266479492188,333600.0,,
2022-05-09,9.488418550340054,9.488418550340054,9.10168665904754,9.250725746154785,319600.0,,
2022-05-10,9.302117995300184,9.469145128195409,9.17363582101591,9.218605041503906,171800.0,,
2022-05-11,9.205756808521379,9.282846115526874,9.09654680376742,9.115818977355957,203500.0,,
2022-05-12,9.058003741958109,9.115820270928118,8.81388726214057,8.910248756408691,315100.0,,
2022-05-13,8.993762019774929,9.141516387455694,8.964853449984966,9.025882720947266,184100.0,,
2022-05-16,9.0644242363267,9.192907000818781,9.045152066713378,9.180058479309082,162500.0,,
2022-05-17,9.2507245014008,9.392055189902987,9.2507245014008,9.321390151977539,160400.0,,
2022-05-18,9.347090453596298,9.347090453596298,9.09333753541558,9.167215347290039,228000.0,,
2022-05-19,9.173635476992878,9.220531484164262,8.980911916468179,9.006608963012695,161200.0,,
2022-05-20,9.070850036060547,9.14793934024419,8.711099949870215,8.813885688781738,256700.0,,
2022-05-23,8.846007645226848,9.03873062680842,8.846007645226848,8.961641311645508,180400.0,,
2022-05-24,8.961641632672135,8.986696013272153,8.794614470843488,8.878128051757812,147600.0,,
2022-05-25,8.910247814116936,9.14151574349385,8.910247814116936,9.051578521728516,210200.0,,
2022-05-26,9.147939373065089,9.186484331620868,9.070850068604868,9.109395027160645,212700.0,,
2022-05-27,9.070851327531804,9.21218204498291,9.070851327531804,9.21218204498291,237200.0,,
2022-05-31,9.154363937184382,9.225028982109913,9.112607458967329,9.115818977355957,232900.0,,
2022-06-01,9.16078630969576,9.218603431186953,9.0644242363267,9.180058479309082,146100.0,,
2022-06-02,9.147940327948154,9.231453902993568,9.122243890445827,9.186485290527344,151800.0,,
2022-06-03,9.173635805148622,9.212180763692901,9.122242935523804,9.154363632202148,189800.0,,
2022-06-06,9.160787914960634,9.305330131365835,9.115818694447862,9.295694351196289,235800.0,,
2022-06-07,9.302120867429593,9.314326723704138,9.218607887847789,9.23145580291748,129700.0,,
2022-06-08,9.16078630969576,9.231451340045425,9.122241357817892,9.180058479309082,156300.0,,
2022-06-09,9.21860566593753,9.24494416117536,9.038729997104111,9.051578521728516,324600.0,,
2022-06-10,8.993761058419908,9.090122538985295,8.92309601351538,9.038729667663574,336400.0,,
2022-06-13,8.89097595903053,8.942368834070479,8.492680871145236,8.550498008728027,605400.0,,
2022-06-14,8.621162726547842,8.621162726547842,8.43486340854381,8.537649154663086,543200.0,,
2022-06-15,8.563343665013527,8.70467434046327,8.409165080514477,8.505526542663574,349600.0,,
2022-06-16,8.402743875844283,8.521590294195208,7.798877227263753,7.843845844268799,876600.0,,
2022-06-17,7.985175456870139,8.312804869213187,7.920934059268788,8.197171211242676,1248700.0,,
2022-06-21,8.312804541066598,8.492680202189268,8.26141167007479,8.3385009765625,323400.0,,
2022-06-22,8.274260842482592,8.492680867637864,8.216443704923678,8.332077980041504,340100.0,,
2022-06-23,8.37062167084818,8.441287327923014,8.197170884480952,8.261411666870117,249500.0,,
2022-06-24,8.287107505428583,8.473406802445155,8.287107505428583,8.415590286254883,163900.0,,
2022-06-27,8.492680233676051,8.589041713980114,8.434863100433073,8.544073104858398,277200.0,,
2022-06-28,8.614738774693771,8.678980174659012,8.454135887432063,8.499104499816895,320600.0,,
2022-06-29,8.45935776571996,8.579921301039812,8.320245362445137,8.35336685180664,308600.0,,
2022-06-30,8.280498899332166,8.505728570474309,8.280498899332166,8.412986755371094,254500.0,,
2022-07-01,8.46598275577879,8.638217301960616,8.409675332286731,8.631592750549316,294600.0,,
2022-07-05,8.624968893704393,8.624968893704393,8.39642692236607,8.598470687866211,227000.0,,
2022-07-06,8.598469405522067,8.677962747677268,8.532225796061939,8.605093955993652,130000.0,,
2022-07-07,8.618344392197452,8.764080734640155,8.618344392197452,8.73758316040039,195100.0,,
2022-07-08,8.730958849978567,8.803827017939357,8.679288487760271,8.777329444885254,100200.0,,
2022-07-11,8.71770941969981,8.797202135872375,8.591846110364573,8.611719131469727,219400.0,,
2022-07-12,8.545476187757295,8.692537956201534,8.545476187757295,8.59184741973877,192500.0,,
2022-07-13,8.518977700461926,8.644841647267887,8.518977700461926,8.571972846984863,146300.0,,
2022-07-14,8.479233254938112,8.55872598970837,8.326871706147712,8.406364440917969,356500.0,,
2022-07-15,8.446109476871037,8.56534887164632,8.40636280136195,8.432860374450684,250000.0,,
2022-07-18,8.49910375838485,8.70446040274437,8.49910375838485,8.558723449707031,180300.0,,
2022-07-19,8.591846377745334,8.717709690997475,8.591846377745334,8.638216972351074,327400.0,,
2022-07-20,8.658090172661668,8.7442074442429,8.60509502580429,8.711085319519043,214600.0,,
2022-07-21,8.711085051250357,8.711085051250357,8.618343862982021,8.684587478637695,129900.0,,
2022-07-22,8.711085586160626,8.777329837636039,8.631592863441332,8.73758316040039,155800.0,,
2022-07-25,8.750832113386663,8.764080584403434,8.618344244458989,8.651466369628906,107100.0,,
2022-07-26,8.638217642330266,8.850198241828524,8.638217642330266,8.783954620361328,200700.0,,
2022-07-27,8.850197730042098,8.903192876852074,8.764080458537887,8.883319854736328,153200.0,,
2022-07-28,8.909818845274533,9.02243370809546,8.856823690035517,8.969438552856445,176600.0,,
2022-07-29,9.029055323517126,9.072113636236026,8.982684735704177,9.002557754516602,134100.0,,
2022-08-01,9.015807032834118,9.161543991301315,8.942938869476489,9.082051277160645,249700.0,,
2022-08-02,9.08205271865564,9.08668977858937,8.94956484072617,8.995935440063477,102600.0,,
2022-08-03,9.009183440382987,9.148295853109921,9.009183440382987,9.075427055358887,182000.0,,
2022-08-04,9.075427770314654,9.168169596689399,9.009184150120129,9.03568172454834,147900.0,,
2022-08-05,9.009185692054485,9.121800560586575,9.009185692054485,9.055556297302246,91600.0,,
2022-08-08,9.101925720598732,9.188042998984558,9.088677248713545,9.168169975280762,193000.0,,
2022-08-09,9.13504641992109,9.168168542084354,9.029056134400198,9.082051277160645,155800.0,,
2022-08-10,9.108550026880295,9.466267602665877,9.108550026880295,9.29403305053711,313300.0,,
2022-08-11,9.400023765982128,9.618629557518497,9.38478780193705,9.565633773803711,184400.0,,
2022-08-12,9.612005430795582,9.684873610029843,9.552385724262063,9.671625137329102,192600.0,,
2022-08-15,9.625250046734834,9.651747613271025,9.479513746661693,9.512635231018066,265500.0,,
2022-08-16,9.532509803771973,9.558344665154548,9.487463367717215,9.532509803771973,114900.0,,
2022-08-17,9.46626800956017,9.565633761423703,9.341066757890815,9.413272857666016,194600.0,,
2022-08-18,9.45964241027832,9.482827707695968,9.419896366634346,9.45964241027832,150300.0,,
2022-08-19,9.406646997136102,9.499388815925125,9.406646997136102,9.433144569396973,204800.0,,
2022-08-22,9.36027770577186,9.439107725719799,9.294033450028143,9.413272857666016,165200.0,,
2022-08-23,9.419895384680567,9.506012645934728,9.3669002441783,9.479515075683594,132900.0,,
2022-08-24,9.479515854310579,9.572257041931152,9.45964220117592,9.572257041931152,149400.0,,
2022-08-25,9.565631892360413,9.605378564390806,9.539134321590792,9.552383422851562,113900.0,,
2022-08-26,9.645125901385795,9.645125901385795,9.466266812545811,9.539134979248047,152300.0,,
2022-08-29,9.506013366577651,9.658374249134042,9.446393671054905,9.605379104614258,214700.0,,
2022-08-30,9.684872670519043,9.706733185343882,9.492765096853727,9.4993896484375,179300.0,,
2022-08-31,9.453017096457739,9.612002511086205,9.446392546243583,9.532509803771973,161200.0,,
2022-09-01,9.559008999282607,9.559008999282607,9.300657182740489,9.347027778625488,201100.0,,
2022-09-02,9.366902229382852,9.48945328086063,9.353653125573341,9.426521301269531,109900.0,,
2022-09-06,9.247660259925365,9.307279947045703,8.88994276895519,9.095298767089844,428500.0,,
2022-09-07,9.108549264349108,9.20791500362304,9.082051691759261,9.20129108428955,207800.0,,
2022-09-08,9.234413412863441,9.26753553953965,9.125110837058367,9.260910987854004,122500.0,,
2022-09-09,9.274160426005846,9.419897409590796,9.267535874081066,9.413272857666016,129100.0,,
2022-09-12,9.466266780631692,9.486139802074035,9.373524960980813,9.386774063110352,186900.0,,
2022-09-13,9.320529458582389,9.393398253996857,9.222488507240525,9.23441219329834,118400.0,,
2022-09-14,9.23441377050652,9.313907130308957,9.181418618472925,9.24103832244873,115700.0,,
2022-09-15,9.24103703955362,9.312580421691695,9.217851742726648,9.247661590576172,121200.0,,
2022-09-16,9.194666264331465,9.21122700980886,9.088675977071475,9.174793243408203,295700.0,,
2022-09-19,9.174791037379535,9.22778616826714,9.095297709296336,9.161541938781738,215100.0,,
2022-09-20,9.161545314519108,9.181418337986587,9.035681990222374,9.062179565429688,164800.0,,
2022-09-21,9.09530119057257,9.135047869827428,8.978711984345043,8.995935440063477,177100.0,,
2022-09-22,8.995934117105302,9.022431688794414,8.658089604255146,8.677963256835938,300700.0,,
2022-09-23,8.545476280131036,8.581248608411336,8.293749620377021,8.386490821838379,531200.0,,
2022-09-26,8.306997127812279,8.353367723156891,7.949279572327616,8.061894416809082,718000.0,,
2022-09-27,8.108265655012783,8.412988088048493,8.108265655012783,8.220880508422852,536700.0,,
2022-09-28,8.287123653664855,8.33879401355223,8.155960578201194,8.300372123718262,266800.0,,
2022-09-29,8.286686305037758,8.30037231033449,7.822741688900682,7.910330295562744,468000.0,,
2022-09-30,7.869273441861585,8.067715963422534,7.828216075897217,7.828216075897217,281800.0,,
2022-10-03,7.889803231709718,8.040346064145119,7.684517669767774,7.937703609466553,360700.0,,
2022-10-04,8.170358545549679,8.375644073872826,8.101930471165101,8.341429710388184,244100.0,,
2022-10-05,8.300373332132494,8.300373332132494,8.06087343063382,8.211416244506836,272700.0,,
2022-10-06,8.218259635861067,8.32021817389724,8.101931181366949,8.108774185180664,171200.0,,
2022-10-07,8.047189321195209,8.252474889583983,7.992446589969513,8.054032325744629,331900.0,,
2022-10-10,8.012972685684613,8.15325097636547,7.930858612060548,7.930858612060547,161800.0,,
2022-10-11,7.917173136317665,8.101930303766535,7.828216054129471,8.00613021850586,305500.0,,
2022-10-12,8.054030900088659,8.17035869391328,7.965073814447121,8.101930618286133,201900.0,,
2022-10-13,7.978758889517699,8.27300149692031,7.876116453374073,8.259315490722656,195600.0,,
2022-10-14,8.341432063800905,8.423546820365402,8.218261234123938,8.26616096496582,177800.0,,
2022-10-17,8.300372221397545,8.437913571266577,8.273000863682011,8.355114936828613,232000.0,,
2022-10-18,8.437230283068034,8.526187372212405,8.409858921222439,8.450916290283203,108500.0,,
2022-10-19,8.444072800842108,8.457758154685141,8.266158632789734,8.341429710388184,119100.0,,
2022-10-20,8.416701487120656,8.512500922305836,8.32090139935077,8.36880111694336,170800.0,,
2022-10-21,8.409857652259682,8.416700654834726,8.231943500816389,8.355114936828613,159100.0,,
2022-10-24,8.389330691262327,8.43723041207835,8.252473879941725,8.37564468383789,185000.0,,
2022-10-25,8.409858497919522,8.580929663989963,8.259315689053814,8.5261869430542,286100.0,,
2022-10-26,8.608300406386855,8.621986411930504,8.471443613873681,8.491971969604492,217000.0,,
2022-10-27,8.594616148441796,8.68357258547053,8.465970159762822,8.478287696838379,190300.0,,
2022-10-28,8.574085896888155,8.656199970976514,8.553557541512227,8.635671615600586,177800.0,,
2022-10-31,8.621986731929066,8.663043444914475,8.539872000788872,8.587772369384766,218100.0,,
2022-11-01,8.66988702452732,8.717786743724076,8.546715572210253,8.690415382385254,140400.0,,
2022-11-02,8.71778588956923,8.71778588956923,8.505658023123491,8.519343376159668,332400.0,,
2022-11-03,8.403014795609403,8.533029236454473,8.307215368233726,8.43722915649414,268900.0,,
2022-11-04,8.50565829082926,8.717786163951478,8.474865429797859,8.587772369384766,186700.0,,
2022-11-07,8.574087447513328,8.923072814941406,8.574087447513328,8.923072814941406,320500.0,,
2022-11-08,8.970971368492368,9.005185730906417,8.587772336692133,8.656200408935547,292200.0,,
2022-11-09,9.33364150225896,9.443126925907928,8.986024694847345,9.22415542602539,639900.0,,
2022-11-10,9.456814765930176,9.460236267892578,9.361015321322055,9.456814765930176,360800.0,,
2022-11-11,9.511557188554367,9.57314291674224,9.431496133460984,9.518400192260742,356900.0,,
2022-11-14,9.552614332595393,9.57998569418969,9.306272078246735,9.381543159484863,317500.0,,
2022-11-15,9.51155651291834,9.703156687578366,9.463656795545687,9.68262767791748,383100.0,,
2022-11-16,9.614199295720514,9.730527736403062,9.614199295720514,9.64841365814209,228200.0,,
2022-11-17,9.709999038213954,9.71684204143425,9.593671246392468,9.68262767791748,227700.0,,
2022-11-18,9.730527736403062,9.730527736403062,9.644992156641464,9.64841365814209,231300.0,,
2022-11-21,9.730527844340878,9.874227646037768,9.63130625747614,9.798955917358398,494800.0,,
2022-11-22,9.785271603852417,9.86054268794756,9.785271603852417,9.853699684143066,227200.0,,
2022-11-23,9.833171325314348,9.853699684143066,9.757215679804851,9.853699684143066,214300.0,,
2022-11-25,9.901598835756523,9.913915719016183,9.81948475799454,9.846856117248535,167200.0,,
2022-11-28,9.84685649228103,9.863963347747063,9.56629923351129,9.68262767791748,380200.0,,
2022-11-29,9.655255976058275,9.812641781633877,9.617620764847441,9.716841697692871,229100.0,,
2022-11-30,9.716841884495993,9.85369868376797,9.593671091443563,9.826327323913574,257700.0,,
2022-12-01,9.826328797750888,9.85780622522628,9.738740824630444,9.805800437927246,243700.0,,
2022-12-02,9.74421332450629,9.819485054163584,9.662099244267635,9.785270690917969,209100.0,,
2022-12-05,9.785270815085086,9.816063677138406,9.658677865245359,9.709999084472656,300400.0,,
2022-12-06,9.689470275769182,9.730527640788571,9.579984839163716,9.593670845031738,180000.0,,
2022-12-07,9.593670765931149,9.692891697317513,9.556034902689076,9.634727478027344,217200.0,,
2022-12-08,9.68262761955572,9.692892124324295,9.518399458766757,9.559456825256348,202300.0,,
2022-12-09,9.607356600248353,9.703156687578366,9.56629923351129,9.68262767791748,270400.0,,
2022-12-12,9.641570480904933,9.651834332636644,9.374699241940977,9.634727478027344,415200.0,,
2022-12-13,9.846856117248535,9.853698467623524,9.772268951191379,9.846856117248535,409200.0,,
2022-12-14,9.840013457682335,9.857120313093816,9.75105637385629,9.812642097473145,274600.0,,
2022-12-15,9.703155761927347,9.867383908039335,9.703155761927347,9.840012550354004,248200.0,,
2022-12-16,9.757901896644976,9.881072723097953,9.579987683053611,9.689473152160645,1284100.0,,
2022-12-19,9.662098916617815,9.720263136387553,9.45681339669023,9.593670845031738,409900.0,,
2022-12-20,9.552613803949427,9.833170407911009,9.552613803949427,9.785270690917969,516000.0,,
2022-12-21,9.819484342076123,9.976869487974145,9.655255540923623,9.69631290435791,414600.0,,
2022-12-22,9.69631360751325,9.798956044665395,9.62788488102202,9.785270690917969,243700.0,,
2022-12-23,9.785270808503732,10.537983546028816,9.785270808503732,10.093198776245117,743500.0,,
2022-12-27,10.202684696616723,10.243742065448295,9.99739915762834,10.045299530029297,398200.0,,
2022-12-28,10.011085508722608,10.065828233989032,9.833171325314348,9.853699684143066,388800.0,,
2022-12-29,9.892521398492656,10.030162397885652,9.85369930198559,10.001928329467773,435800.0,,
2022-12-30,9.938399784656236,10.128980218309339,9.931341100486897,10.100746154785156,313300.0,,
